32778068        3/70/0/489/n/p1047           73.58   0       0       1       1.25    0       1.19149 19
Silver_Wolfer   3/70/0/3489/n/p1045          73.15   0       0       1       0.83333 0       1.5     21
炎煌深沉        2/70/0/348/n/p1044           66.05   0       0       1       0.41667 0       1.19149 20
renzhetegong    3/80/0/48/n/p1052            60.64   0       0       1       0.83333 0       0.37678 18
SP1900公主      3/70/0/348/n/p1054           56.6    0       0       1       0.41667 0       0.37678 23
greencatlv猫    2/55/970/23/n/p1903          55.72   0       1.25    0       0       0       0       4
1007圆规        2/60/977/48/n/p1034          52.83   0       0.12532 0       0.83333 0       0.47434 16
夕阳xiyang2016  2/75/970/894/n/p1648         49.6    0       0       0       1.25    0       0       11
1401玲玲        2/80/975/489/n/p1743         49.56   0       0       0       1.25    0       0       12
小莎47          2/75/975/489/n/1544          49.46   0       0       0       1.25    0       0       15
钽钨毛细血管瘤  2/90/978/489/n/p1503         49.39   0       0       0       1.25    0       0       17
无何a           2/100/956/89/n/p1824         45.93   0       0       0       0.83333 0       0       5
jiayi040301     2/70/980/48/n/p1502          45.9    0       0       0       0.83333 0       0       6
热带扰动97W     1/70/969/89/n/p1442          45.88   0       0       0       0.83333 0       0       7
dkykyud         1/75/985/89/n/1644           45.86   0       0       0       0.83333 0       0       8
三旋共舞        1/75/960/48/n/p1625          45.74   0       0       0       0.83333 0       0       13
56倍速          1/75/965/3489/n/p1620        45.52   0       0       0       0.83333 0       0       22
高氙酸三氢钠    2/75/978/8/n/p1648           42.07   0       0       0       0.41667 0       0       3
个反应蛋白va    3/80/979/8/n/p1989           41.98   0       0       0       0.41667 0       0       10
宇宙中的小阳光  1/60/980/34/n/p1265          39.89   0       0.12532 0       0       0       0       9
轻轻叶子青青    2/45/991/2/n/p1536           38.33   0       0.01256 0       0       0       0       2
fx2422esplus    1/40/996/234/n/p1743         38.16   0       0       0       0       0       0       1
星旋斗转        1/70/970/378/n/p0931         38.16   0       0       0       0       0       0       14
0
0.0526334575300105
0.217391304347826
0.536231884057971
0
0.148141805294231