56倍速          2/ny/1.1/w/0/2520               78.16   1       0       1.5     1.25    1       0       23
renzhetegong    2/yy/0.80/w/0/2960              71.52   1       1       0       1.25    1       0.01571 28
32778068        3/ny/0.80/w/0/4070              65.47   0       0       0       1.25    1       1.11197 25
Silver_Wolfer   3/ny/0.80/w/0/4020              63.9    0       0       0       1.25    1       0.91782 26
雾夜香蒲        3/yy/0.00/cwb/0/4040            63.74   0       1       0       0       1       0.99104 18
炎煌深沉        3/ny/0.60/w/0/4010              63.57   0       0       0       1.25    1       0.88327 27
钽钨毛细血管瘤  3/yy/0.8/cpsw/1000/2160         48.83   0       1       0       0       0       0       17
1007圆规        3/nn/0.00/cw/0/3360             48      0       0       0       0       1       0.07291 21
SP1900公主      3/ny/0.65/cps/988/4276          47.74   0       0       0       0       0       0.91782 13
三旋共舞        3/ny/0.60/cwbs/0/3225           47.71   0       0       0       0       1       0.04343 24
greencatlv猫    2/ny/0.65/cps/995/1437          47.33   1       0       0       0       0       0       2
fx2422esplus    2/nn/0.5/cp/999/2422            47.3    1       0       0       0       0       0       4
闪电灵蛇2代     2/nn/0.60/cps/992/1358          47.28   1       0       0       0       0       0       5
个反应蛋白va    2/nn/0.55/cs/997/2500           47.26   1       0       0       0       0       0       6
1401玲玲        2/ny/0.5/cpws/995/3140          47.23   1       0       0       0       0       0.03134 22
高氙酸三氢钠    2/nn/0.60/cs/996/1988           47.23   1       0       0       0       0       0       8
dkykyud         2/ny/0.65/cps/995/1524          47.16   1       0       0       0       0       0       12
jiayi040301     2/ny/0.35/cp/995/2045           47.12   1       0       0       0       0       0       14
宇宙中的小阳光  2/ny/0.55/cp/998/1385           47.09   1       0       0       0       0       0       16
我是最强台风    3/ny/0.00/cps/965/4000          47.08   0       0       0       0       0       0.85001 20
无何a           1/ny/0.35/cp/1002/4399          45.12   0       0       0       0       0       0.57248 1
小莎47          3/ny/0.55/cpsw/995/3546         41.58   0       0       0       0       0       0.14885 15
热带扰动97W     3/ny/0.55/cpsw/1000/3097        40.61   0       0       0       0       0       0.02657 10
轻轻叶子青青    1/nn/0.60/cps/990/1245          40.39   0       0       0       0       0       0       3
大爱LX570       6/nn/0.23/cps/980/1888          40.39   0       0       0       0       0       0       7
1998Zeb         4/ny/0.55/cp/998/1410           40.39   0       0       0       0       0       0       9
夕阳xiyang2016  3/nn/0.45/cpsw/992/2222         40.39   0       0       0       0       0       0       11
哈哈哈哈尔时候  3/ny/0.70/cwp/990/1800          40.39   0       0       0       0       0       0       19
0.392857142857143
0.107142857142857
0.0357142857142857
0.178571428571429
0.285714285714286
0.156742954733041
