Silver_Wolfer   d/0w/1040/50/90.5/84.11         78.43   1       0       1       0.15    0.75    1.33805 20
renzhetegong    d/3s/1046/40/88.9/83.5          61.35   1       0       0.01111 0.15    0.25    1.02215 17
学习与我同在    d/3s/1040/35/90.9/78.88         61.21   1       0       1       0       0.5     0.02355 16
兔宝宝990327    d/0w/1040/50/88.8/39.39         59.44   1       0       1       0.15    0.1875  0       22
钽钨毛细血管瘤  d/3s/1037/30/90.13/87.13        58.79   1       0       0.1054  0       1       0.11379 15
SP1900公主      d/3s/1038/55/90.5/86.31         57.93   1       0       0.22313 0       0.75    0.2222  23
56倍速          e/3s/1035/60/89.4/84.1          56.5    0       0       0.02352 0       0.5625  1.34901 18
小莎47          d/3s/1028/25/88.9/82.6          54.05   1       0       0       0       0.25    0.49038 14
Ants小蚂蚁      c/0w/1040/35/91/81.26           53.04   0       0       1       0       0.4375  0.16429 9
古超无悔        c/5/1040/40/91.8/81.8           51.83   0       0       1       0.15    0       0.25527 3
炎煌深沉        d/3s/1032/30/91.4/82.1          51.53   1       0       0       0       0.1875  0.32608 19
无何a           e/3s/1042/50/92.0/83.41         50.67   0       0       0.22313 0.15    0       0.94976 21
宇宙中的小阳光  c/2b/1040/35/94.3/81.34         48.58   0       0       1       0       0       0.17537 11
1007圆规        c/3s/1038/25/91.6/82.86         46.14   0       0       0.22313 0       0.0625  0.60629 12
greencatlv猫    c/0p/1043/30/92.0/92.0          43.37   0       0.33333 0.1054  0       0       0       10
高氙酸三氢钠    c/0w/1042/30/93.8/81.47         41.46   0       0       0.22313 0       0       0.195   1
凌空十方寂灭    c/5w/1031/25/91.2/80.02         41.13   0       0       0       0       0.3125  0.05972 2
台风happier     c/3s/1038/30/93.7/81.02         40.8    0       0       0.22313 0       0       0.13507 4
绝恋孤雪        c/3s/1051/30/93.2/82.03         40.38   0       0       0       0       0       0.30797 8
热带扰动97W     c/3s/1045/30/92.2/81.23         39.09   0       0       0.02352 0       0       0.16031 7
乌鸦信用        c/1w/1044/25/92.6/80.53         38.64   0       0       0.04979 0       0       0.09055 5
AA10698236957   c/0w/1045/35/94.16/79.50        37.83   0       0       0.02352 0       0       0.03907 13
哈哈哈哈尔时候  c/0w/1030/35/95.0/80.00         37.82   0       0       0       0       0       0.05875 6
1. 0.347826086956522
2. 0.0144927536231884
3. 0.324256458797392
4. 0.0326086956521739
5. 0.228260869565217
6. 0.234279241248833
