小莎47          1/y/3.5/3/7/17.2            67.56   1       1       1       0       0       1.37963 15
56倍速          1/n/4.0/12/28/20.7          63.35   1       0       0.1     0.66667 0.66667 0.79855 16
无何a           1/y/3.5/6/5/22.15           61.54   1       1       1       0       0       0.59405 2
雾夜香蒲        1/y/3.5/5/42/14.4           61.41   1       1       1       0       0       0.77923 20
高氙酸三氢钠    0/y/3.5/7/4/17.77           60.7    0       1       1       0       0       1.45183 11
renzhetegong    1/y/4.0/5/44/18.0           59.02   1       1       0.1     0       0       1.38527 22
greencatlv猫    1/y/3.5/3/6/-9.6            55.84   1       1       1       0       0       0       1
我问ww我问问问  1/n/3.5/8/25/13             53.48   1       0       1       0       0.16667 0.58562 19
EthanWang706    1/y/3.0/4/6/24.02           50.78   1       1       0.1     0       0       0.40563 12
SP1900公主      1/y/3.0/8/4/9.48            50.18   1       1       0.1     0       0       0.28558 4
薛yxi           1/y/4.0/0/0/26.00           49.97   1       1       0.1     0       0       0.27083 5
宇宙中的小?光   1/n/3.0/7/5/18.54           49.77   1       0       0.1     0       0       1.24076 17
1007圆规        1/n/3.5/8/5/9.3             49.29   1       0       1       0       0       0.27528 7
Silver_Wolfer   1/n/4.0/8/26/14.14          49.07   1       0       0.1     0       0.33333 0.73897 21
乌鸦信用        2/y/3.5/8/6/3.24            47.78   0       1       1       0       0       0.07995 10
AA10698236957   1/y/3.0/8/4/-15.29          47.47   1       1       0.1     0       0       0       3
学习与我同在    1/y/3.0/3/2/-8.8            46.84   1       1       0.1     0       0       0       14
炎煌深沉        0/n/4.0/8/24/15.2           38.85   0       0       0.1     0       0       0.91738 18
哈哈哈哈尔时候  2/n/3.5/5/5/-10.0           38.53   0       0       1       0       0       0       6
热带扰动97W     1/n/3.0/4/6/-18             38.52   1       0       0.1     0       0       0       8
星旋斗转        0/n/4.0/6/5/-18.23          30.39   0       0       0.1     0       0       0       9
zhrmghg491001   0/n/7/18.5/n/38.8/-1        29.69   0       0       0       0       0       0.01989 13
1. 0.727272727272727
2. 0.545454545454546
3. 0.463636363636364
4. 0.0303030303030303
5. 0.0530303030303031
6. 0.339650083786355
