1007圆规        n/3/945/158.8/b-wmg/a        71.6    1       0       1       0       1       1       10
炎煌深沉        n/3/946/130/b-wmg/a          62.63   1       0       0.47237 0       1       1       21
宇宙中的小阳光  n/3/955/153/b-wmg/a          59.65   1       0       0       0.14674 1       1       13
AA10698236957   n/3/945/167.4/w-ow/a         59.38   1       0       1       0       0       1       9
小莎47          n/2/948/154/b-wmg/a          59.31   1       0       0.1054  0.05291 1       1       14
SP1900公主      n/4/955/160/b-wmg/a          58.25   1       0       0       0       1       1       1
乌鸦信用        n/2/958/166.6/b-wmg/a        57.82   1       0       0       0       1       1       5
renzhetegong    n/2/940/135/b-wmg/a          56.33   1       0       0.02352 0       1       1       22
钽钨毛细血管瘤  n/2/946/153/b-ow/a           55.51   1       0       0.47237 0.14674 0.13    1       15
学习与我同在    n/3/952/150/b-ow/a           54.74   1       0       0       0.4991  0.13    1       20
热带扰动97W     n/4/951/171.7/b-ow/a         46.93   1       0       0.01111 0       0.13    1       7
greencatlv猫    n/4/960/172/b-ow/a           46.84   1       0       0       0       0.13    1       6
夕阳xiyang2016  n/4/970/175/w-wmg/a          46.7    1       0       0       0       0.13    1       8
EthanWang706    n/3/963/168/b-ow/a           46.41   1       0       0       0       0.13    1       12
我是最强台风    n/2/954/160/b-ow/a           46.06   1       0       0       0       0.13    1       17
Silver_Wolfer   n/3/930/134/w-wmg/a          45.91   1       0       0       0       0.13    1       19
无何a           n/2/900/156/cmg-wmg/a        44.42   1       0       0       0       0       1       18
高氙酸三氢钠    y/3/944/177/w-ow/a           41.8    0       0       0.47237 0       0       1       2
哈哈哈哈尔时候  y/3/950/160/w-ow/a           35.18   0       0       0.02352 0       0       1       3
薛yxi           y/3/950/175/no/a             35.14   0       0       0.02352 0       0       1       4
56倍速          n/3/915/158/cmg-wmg/c        34.78   1       0       0       0       0       0       16
我问ww我问问问  y/2/959/166.6/b-mg/a         34.57   0       0       0       0       0       1       11
1. 0.818181818181818
2. 0
3. 0.163825505313235
4. 0.030744944215475
5. 0.365454545454545
6. 0.954545454545455
