无何a           y/6/-26.51/998/s/8.0               68.78   1       1       0.0177  0       0.17857 0.43698 1
56倍速          y/10/-33.8/998/p/10.6              64.93   1       0       0.33144 0       0.17857 1.26245 16
高氙酸三氢钠    n/5/-32.12/999/0/12.1              61.27   0       0       1.30569 0       0       0.96639 5
greencatlv猫    y/5/-23.45/1002/s/10.086           59.55   1       0       0       0       0.17857 1.0236  4
钽钨毛细血管瘤  y/8/-30.13/1000/s/13.0             58.81   1       0       0.33966 0       0.17857 0.66936 13
dkykyud         y/5/-22.4/998/s/9.356              56.36   1       0       0       0       0.17857 0.75991 6
炎煌深沉        n/8/-32.6/1002/p/12.6666           55.24   0       0       0.8825  0       0.17857 0.76691 18
小莎47          n/12/-31.54/1002/ws/18.779         52.6    0       0       1.07344 0       0.35714 0.06332 12
32778068        n/8/-32.7/998/ps/13.0              50.94   0       0       0.81334 0       0       0.66936 19
SP1900公主      y/8/-23.33/1006/s/17.0001          48.97   1       0       0       0       0.17857 0.13086 10
轻轻叶子青青    y/5/-24/996/ss/6.9                 48.93   1       0       0       0.01774 0       0.27895 2
renzhetegong    n/8/-34.85/992/p/13.0              47.89   0       0       0.14069 0.13319 0.17857 0.66936 15
Silver_Wolfer   n/7/-34.5/985/p/14.191             46.96   0       0       0.1872  0.22047 0.17857 0.41172 17
1007圆规        n/9/-32.85/1000/p/17.6586          46.41   0       0       0.71963 0       0.17857 0.10002 11
三旋共舞        n/9/-29.15/995/ps/15.99            38.73   0       0       0.15265 0.02936 0       0.19761 14
宇宙中的小阳光  n/4/28.67/1003/s/19.6              37.24   0       0       0       0       0.17857 0.0453  7
夕阳xiyang2016  n/7/-28.22/1000/sw/18.35           35.97   0       0       0.07147 0       0       0.07544 8
我问ww我问问问  n/0/-6/0/dyc/5                     35.73   0       0       0       0       0       0.12848 3
热带扰动97W     n/10/-24.68/999/wps/19.9799        34.69   0       0       0       0       0       0.03879 9
0.368421052631579
0.0526315789473684
0.211769327794058
0.0210925342261058
0.0977443609022556
0.305080941875706
