高氙酸三氢钠    0/y/2.0/08/fi-nl/4.02/to-yu-ku                             65.84   1       0       0.01    1       1.06667 0.20229 7
向日葵8号卫星   0/y/2.0/08/fi-nl/4.02/to-yu-ku                             65.16   1       0       0.01    1       1.06667 0.20229 13
炎煌深沉        0/n/2.0/06/fi-ga/4.33/ya-yu-ku                             64.7    1       1       0.01    0       1.06667 0.22957 22
EthanWang706    0/n/1.5/7/fi/3.4/ya                                        61.19   1       1       0       0.1     0.53333 0.15708 1
AA10698236957   0/n/1.0/07/fi/1.2375/ku                                    58.7    1       1       0       0.1     0.53333 0.065   15
宇宙中的小阳光  0/y/1.0/08/sh/6.603/tl-yg                                  58.06   1       0       0       1       0       0.58039 12
雾夜香蒲        0/y/1.0/06/fi-ga-nl/3.14159265358979323846/ya-yu-ku        57.61   1       0       0       0       1.6     0.14136 19
Silver_Wolfer   0/y/2.0/06/fi-ga/5.9175/ya-yu-ku                           55.53   1       0       0.01    0       1.06667 0.43878 21
renzhetegong    0/y/2.0/07/fi-nl/5/to-ta-ku                                54.88   1       0       0.01    0.1     1.06667 0.30175 23
我问ww我问问问  1/y/1.5/07/fi/8.888/yu                                     54.45   0       0       0       0.1     0.53333 1.47451 6
全立刻          0/n/1.5/07/fl/1.2463/yg                                    53.85   1       1       0       0.1     0       0.06523 3
三旋共舞        0/y/1.5/07/fi-ga/2.022/yg-yu                               52.68   1       0       0       0.1     1.06667 0.08952 16
台风happier     1/n/0.0/07/fi/1.2248/sa-yu-ku                              48.65   0       1       0       0.1     0.53333 0.06466 14
学习与我同在    2/y/1.5/07/fi/7.6811/ku-yg-ti                              47.05   0       0       0       0.1     0.53333 0.9011  10
哈哈哈哈尔时候  2/y/1.0/08/fi-sh-la/5.3/sa-yu-ku                           45.32   0       0       0       1       0       0.34105 4
56倍速          1/y/1.5/07/fi-ga/16.7/ya-yu-ku                             42.12   0       0       0       0.1     1.06667 0.06297 20
小莎47          0/y/1.5/07/fi-sh/3.086/yg-yu                               41.74   1       0       0       0.1     0       0.13819 17
热带扰动97W     2/y/1.0/07/sh-fi/7.3/ku-ti-yg                              39.62   0       0       0       0.1     0       0.77132 9
台风也能复活    1/y/1.5/07/fi/3.1415/ku-ti-yg                              37.8    0       0       0       0.1     0.53333 0.14135 5
greencatlv猫    1/y/1.5/07/fi/3.2515/yo-yg-ku                              37.79   0       0       0       0.1     0.53333 0.14784 8
无何a           1/y/1.5/07/fi/1.2423/yg                                    36.91   0       0       0       0.1     0.53333 0.06512 2
乌鸦信用        1/y/1.5/07/fi/1.2517/yg-ku                                 36.52   0       0       0       0.1     0.53333 0.06537 18
SP1900公主      1/y/1.5/07/fi-sh/5.033/yg                                  33.82   0       0       0       0.1     0       0.30584 11
1. 0.521739130434782
2. 0.217391304347826
3. 0.00217391304347826
4. 0.243478260869565
5. 0.376811594202899
6. 0.201524643239558
