32778068        y/a/40/975/25/22.4           71      1       1       1       0       0       0.81334 18
我是最强台风    n/a/40/980/30/23.0           68.32   0       1       1       0.1054  0       1.32717 15
1007圆规        n/a/40/980/28/23.8           59.69   0       1       1       0.1054  0       0.49845 3
Silver_Wolfer   y/a/35/993/28/22.1           57.95   1       1       0.13    0       0       0.56336 17
炎煌深沉        n/a/40/975/22/22.0           56.3    0       1       1       0       0       0.49845 20
高氙酸三氢钠    y/a/25/975/28/23.8           56.22   1       1       0       0       0       0.49845 11
无何a           y/a/35/980/26/21.30          55.53   1       1       0.13    0.1054  0       0.21158 16
小莎47          y/a/30/989/32/21.8           55      1       1       0       0.01111 0       0.39021 12
宇宙中的小阳光  y/a/30/980/24/25.3           52.59   1       1       0       0.1054  0       0.07946 14
AA10698236957   y/a/20/940/33/26.1799        50.89   1       1       0       0       0       0.02706 6
greencatlv猫    n/a/30/965/42/26.12          47.72   0       1       0       0       0.5     0.02912 5
renzhetegong    n/a/50/985/30/24.1           46.37   0       1       0       0.22313 0       0.34525 19
星旋斗转        n/a/25/970/35/21             46.31   0       1       0       0       0.33333 0.14655 8
热带扰动97W     n/c/35/980/22/23.4           43.38   0       0       0.13    0.1054  0       0.81334 7
乌鸦信用        n/a/25/975/30/24.6           41.67   0       1       0       0       0       0.1872  4
学习与我同在    n/a/35/975/28/25.5           41.52   0       1       0.13    0       0       0.06221 9
56倍速          n/a/55/0/30/20.4             40.01   0       1       0       0       0       0.07031 10
哈哈哈哈尔时候  n/a/25/920/20/20             39.95   0       1       0       0       0       0.04309 2
薛yxi           n/a/25/0/13/26               39.46   0       1       0       0       0       0.03373 13
我问ww我问问问  n/c/20/19/04/01              30.11   0       0       0       0       0       0       1
1. 0.35
2. 0.9
3. 0.226
4. 0.0380617639747997
5. 0.0416666666666667
6. 0.221277949080794
