三旋共舞        n/0/3.5/4/0/14.6725/y            76.5    1       1       0       0       1       1.33067 18
绝恋孤雪        n/0/0.0/3/0/n                    64.11   1       1       0       0.33333 1       0       13
宇宙中的小阳光  n/0/2.5/6/113/14.3761/n          62.95   1       1       0       0       0       1.41411 9
高氙酸三氢钠    n/0/5.0/3/104.6/12.565/n         62.67   1       1       0       0.33333 0       1.08202 28
无何a           n/0/5.5/5/108/12.33/n            58.62   1       1       0.13    0       0       1.02023 29
薛yxi           n/0/0.0/6/0/2.35/n               57.95   1       1       0       0       1       0.00832 11
雾夜香蒲        n/0/5.0/3/120.7/10.9875/n        57.49   1       1       0       0.33333 0       0.6982  25
夏_夜_星_辰     n/0/4.5/3/125/10.5375/n          57      1       1       0       0.33333 0       0.60444 15
小莎47          n/0/4.0/4/0/1.8735/n             56.54   1       1       0       0       1       0.00585 27
兔宝宝990327    n/0/4.0/4/0/3.27/y               56.43   1       1       0       0       1       0.01589 30
32778068        n/0/4.5/4/0/3.27/y               56.34   1       1       0       0       1       0.01589 31
Silver_Wolfer   n/0/3.5/4/0/3.0075/y             56.22   1       1       0       0       1       0.01327 32
ajjdfghhfh      n/0/4.5/7/128/11.6775/n          55.11   1       1       0       0       0       0.85645 4
我是最强台风    n/0/4.0/6/115/12.014/y           54.89   1       1       0       0       0       0.93937 22
凌空十方寂灭    y/2/3.5/2/102/13.2875/n          50.65   0       0       0       0.66667 0       1.27899 2
夕阳xiyang2016  n/0/4.5/5/113/10.2675/y          49.4    1       1       0       0       0       0.552   21
56倍速          n/0/5.5/4/116.5/9.035/n          48.87   1       1       0.13    0       0       0.35    33
zhengxin175     n/0/4.0/4/110/9.2356/n           47.91   1       1       0       0       0       0.37871 5
SP1900公主      n/1/4.5/6/112/12.8290/n          47.16   1       0       0       0       0       1.15291 7
台风们好酋长好  n/0/5.0/5/112/8.75/n             46.37   1       1       0       0       0       0.31191 14
乌鸦信用        y/0/3.0/4/119/15.6174/y          46.09   0       1       0       0       0       1.0721  10
台风happier     n/0/4.0/6/105/7.655/y            43.95   1       1       0       0       0       0.1934  26
renzhetegong    n/0/4.0/5/115.0/6.05/y           43.18   1       1       0       0       0       0.08654 12
灵芝草1996      n/1/5.0/7/118/11.6775/y          43.08   1       0       0       0       0       0.85645 1
不了盖0         n/0/3.0/5/107/5.3777/n           43      1       1       0       0       0       0.05951 8
哈哈哈哈尔时候  n/0/4.0/5/120/4.1234/n           42.64   1       1       0       0       0       0.02787 6
学习与我同在    n/0/3.0/5/111/5.6789/y           42.52   1       1       0       0       0       0.07058 20
greencatlv猫    n/0/5.0/5/120/5.6565/n           42.35   1       1       0       0       0       0.0697  23
1007圆规        n/0/3.5/4/108.6/4.8875/y         42.2    1       1       0       0       0       0.04466 19
Ants小蚂蚁      n/0/2.5/5/110.4/4.3264/y         42.12   1       1       0       0       0       0.03168 17
12357a0         n/1/3.0/5/111/10.6825/n          39.64   1       0       0       0       0       0.6338  3
CM_Block        n/1/2.0/4/101/6.7905/y           31.69   1       0       0       0       0       0.12737 16
2018yutu        y/1/4.0/6/120/9.55/y             24.36   0       0       0       0       0       0.42694 24
1. 0.909090909090909
2. 0.818181818181818
3. 0.00787878787878788
4. 0.0606060606060606
5. 0.212121212121212
6. 0.317774309699477
