匝那吾长        1/y/42/acd/990/0.6       72.65   0       1       0       1.25    0.59046 1       3
32778068        2/y/34/ac/982/0.2        68.69   1       1       1       0.83333 0       0       28
fx2422esplus    1/y/34/abc/990/0.4       63.12   0       1       1       0.41667 0.59046 0       11
arkkaenb        2/y/40/abc/990/0.4       60.2    1       1       0       0.41667 0.59046 0       9
我是最强台风    2/y/38/abc/990/0.2       59.81   1       1       0.01832 0.41667 0.59046 0       18
1007圆规        2/y/35/abc/992/0.1       59.54   1       1       0.36788 0.41667 0.13175 0       13
1998Zeb         2/y/45/abc/990/0.1       59.24   1       1       0       0.41667 0.59046 0       23
兔宝宝990327    2/y/40/abcd/1000/0.1     58.24   1       1       0       0.83333 0       0       2
mc创造神专业户  2/y/40/abcd/996/0.3      57.36   1       1       0       0.83333 0       0       16
松鸦_喵喵       2/n/39/abc/989/0.4       56.61   1       0       0       0.41667 1.25    0       27
轻轻叶子青青    2/y/37/abc/no/0.3        54.07   1       1       0.04979 0.41667 0       0       14
闪电灵蛇2代     2/n/40/abcd/988/0.1      54.02   1       0       0       0.83333 0.59046 0       19
jvixvixnvxnv    2/n/31/bc/989/0.0        53.85   1       0       0.04979 0       1.25    0       17
个反应蛋白va    1/y/30/abc/988/0.2       50.91   0       1       0.01832 0.41667 0.59046 0       8
jiayi040301     2/n/39/ac/987/0.2        50.54   1       0       0       0.83333 0.27891 0       22
Silver_Wolfer   0/y/36/ac/995/0.2        49.19   0       1       0.13534 0.83333 0.01389 0       29
假千九1141A     2/n/38/abcd/996/0.3      48.53   1       0       0.01832 0.83333 0       0       4
1401玲玲        2/n/42/abcd/996/0.8      48.18   1       0       0       0.83333 0       0       7
高氙酸三氢钠    1/n/40/abcd/988/0.7      46.86   0       0       0       0.83333 0.59046 0.13    6
吴明世X         1/n/39/abcd/990/0.5      46.1    0       0       0       0.83333 0.59046 0.13    26
小莎47          2/n/38/abc/986/0.1       45.48   1       0       0.01832 0.41667 0.13175 0       15
炎煌深沉        1/y/42/abc/994/0.2       44.44   0       1       0       0.41667 0.0294  0       10
qiqi20030111    1/y/40/abc/983/0.1       44.43   0       1       0       0.41667 0.01389 0       5
雾夜香蒲        0/n/37/ab/984/0.6        43.91   0       0       0.04979 0       0.0294  1       30
renzhetegong    1/n/35/ab/991/0.3        37.69   0       0       0.36788 0       0.27891 0       31
热带扰动97W     1/n/39/abc/987/0.3       37.33   0       0       0       0.41667 0.27891 0       20
51moreplants    1/n/45/abc/987/0.1       37.27   0       0       0       0.41667 0.27891 0       24
钽钨毛细血管瘤  1/n/36/abc/no/0.9        36.27   0       0       0.13534 0.41667 0       0       1
满洲正黄旗5     5/n/40/abc/975/0.7       36.02   0       0       0       0.41667 0       0.13    21
大爱LX570       1/n/37/a/979/0.2         34.91   0       0       0.04979 0.41667 0       0       25
我问ww我问问问  3/n/40/abc/995/1.1       34.57   0       0       0       0.41667 0.01389 0       12
0.483870967741935
0.451612903225807
0.105769041220726
0.43010752688172
0.239838082119785
0.0770967741935484
