雾夜香蒲        6.5/n/4/no/af/142.8/220         94.97   1       0       1       0       1.25    0.56259 0.04134 21
兔宝宝990327    6.0/y/3/80/af/179.6/200         79.66   0.13    1       0       0       1.25    0       0       13
炎煌深沉        6.0/n/4/no/af/142.0/222         79.32   0.13    0       1       0       1.25    0.25673 0.04773 23
匝那吾长        5.5/n/4/30/abc/145.0/250        72.01   0       0       1       0       0       0.4624  0.35661 5
高氙酸三氢钠    5.5/n/4/40/abcef/179.4/280      70      0       0       1       0       0       0       0.73138 6
56倍速          7.0/n/3/50/af/137.1/215         64.44   0.13    0       0       0       1.25    0       0.02887 22
Silver_Wolfer   6.0/n/3/90/af/136.5/200         64.17   0.13    0       0       0       1.25    0       0       20
szyczxzh        6.5/n/2/50/abcef/179.8/300      63.72   1       0       0       0       0       0       0.17388 15
1007圆规        0.0/n/4/50/abcef/153.1/310      61.05   0       0       1       0       0       0       0.08478 9
过得喝喝酒      0.0/n/3/60/abf/169.6/250        60.28   0       0       0       0       0.625   0       0.35661 16
1998Zeb         4.0/n/4/60/abcf/179.9/200       59.87   0       0       1       0       0       0       0       10
钽钨毛细血管瘤  0.0/n/3/70/abce/161.3/250       53.38   0       0       0       0       0       0       0.35661 1
闪电灵蛇2代     4.0/n/3/40/abcef/162.5/290      53.33   0       0       0       0       0       0       0.35661 4
qiqi20030111    0.0/n/3/70/abe/168.5/250        53.23   0       0       0       0       0       0       0.35661 11
dkykyud         0.0/n/3/35/abe/145.7/340        51.91   0       0       0       0       0       0.23275 0       12
热带扰动97W     3.5/n/3/50/abcef/165.0/300      50.83   0       0       0       0       0       0       0.17388 2
吴明世X         4.0/n/3/30/abce/170/300         50.72   0       0       0       0       0       0       0.17388 17
星旋斗转        0.0/n/2/10/abdf/146.2/500       50.51   0       0       0       0       0       0.14254 0       19
无何a           6.0/n/2/30/abcef/179.5/330      50.43   0.13    0       0       0       0       0       0.02016 8
个反应蛋白va    0.0/n/3/80/abce/156/305         50.08   0       0       0       0       0       0       0.12142 7
jvixvixnvxnv    4.0/n/3/60/ace/179.6/320        48.97   0       0       0       0       0       0       0.04134 18
云阙兮          2.5/n/3/70/adc/135/330          48.7    0       0       0       0       0       0       0.02016 14
fx2422esplus    4.0/n/2/35/abd/161.6/350        48.43   0       0       0       0       0       0       0       3
0.115217391304348
0.0434782608695652
0.260869565217391
0
0.239130434782609
0.048029179974107
0.0997648493570824
