雾夜香蒲        n/17/epw/45/22.49/48/bebe        70.12   1       0.1     0.625   0       1.37024 0.97197 24
钽钨毛细血管瘤  n/18/we/25/8.2/36/bebe           60.75   1       1       1.25    0       0.01747 0.73556 21
台风happier     n/18/wp/40/6.4/36/eeee           60.38   1       1       0       1       0.00648 0.73556 9
三旋共舞        n/18/epw/40/5.6/-5/06-18         60.11   1       1       0.625   1       0.00403 0.2058  23
帅猫的花园      n/18/ew/15/4.5/24/beeb           58.8    1       1       1.25    0       0.00203 0.53412 14
SP1900公主      n/18/we/30/6.9/24/beee           58.41   1       1       1.25    0       0.00862 0.53412 19
我是最强台风    n/18/ws/40/5.5/24/bebe           57.47   1       1       0       1       0.00379 0.53412 13
夕阳xiyang2016  n/18/wp/40/5.2/24/beee           57.17   1       1       0       1       0.00316 0.53412 16
无何a           n/18/w/30/6.25/48/beee           57.07   1       1       0.625   0       0.00593 0.97197 8
高氙酸三氢钠    n/18/wp/40/4.71/24/bebe          56.06   1       1       0       1       0.00232 0.53412 27
renzhetegong    n/18/epw/50/8.0/48/beee          55.5    1       1       0.625   0       0.01573 0.97197 26
32778068        n/18/epw/45/-3.6/48/eeee         54.93   1       1       0.625   0       0       0.97197 29
乌鸦信用        n/20/w/40/6.5/24/bebe            54.47   1       0       0.625   1       0.00686 0.53412 11
哈哈哈哈尔时候  n/18/e/0/5.0/24/beeb             52.24   1       1       0.625   0       0.00279 0.53412 1
兔宝宝990327    n/18/w/45/5.0/24/bebe            52.07   1       1       0.625   0       0.00279 0.53412 3
greencatlv猫    n/18/w/30/6.6/24/06-28           50.89   1       1       0.625   0       0.00727 0.53412 18
我问ww我问问问  n/18/ws/45/4.0/48/06-23          49.52   1       1       0       0       0.00147 0.97197 4
学习与我同在    n/17/we/30/7.7/24/eeae           49.12   1       0.1     1.25    0       0.0134  0.53412 15
宇宙中的小阳光  n/19/we/30/4.3/24/6-24           48.52   1       0.1     1.25    0       0.00179 0.53412 20
Ants小蚂蚁      n/17/ew/30/5.5/12/beea           47.96   1       0.1     1.25    0       0.00379 0.37152 2
炎煌深沉        n/18/wp/45/5.0/48/beee           47.51   1       1       0       0       0.00279 0.97197 30
56倍速          n/18/pw/50/-9.6/36/bbbe          45.08   1       1       0       0       0       0.73556 25
1007圆规        n/18/bw/30/5.8/24/eeee           43.32   1       1       0       0       0.00455 0.53412 17
夏_夜_星_辰     n/17/w/50/6.0/24/beae            41.63   1       0.1     0.625   0       0.00512 0.53412 10
zhengxin175     n/18/p/0/-8/12/bbea              40.99   1       1       0       0       0       0.37152 22
灵芝草1996      n/17/w/35/7.8/12/bebe            40.04   1       0.1     0.625   0       0.01414 0.37152 6
Silver_Wolfer   n/17/wp/45/5.5/48/beee           38.21   1       0.1     0       0       0.00379 0.97197 28
绝恋孤雪        n/19/wp/30/9.2/36/eaea           37.03   1       0.1     0       0       0.02904 0.73556 5
湖墅603         n/17/wp/30/7.5/36/07-05          36.62   1       0.1     0       0       0.01202 0.73556 7
凌空十方寂灭    2/17/n/d/10/302/n                18      0       0.1     0       0       0.04266 0.00001 12
0.966666666666667
0.666666666666667
0.383333333333333
0.2
0.0354241815408268
0.416564902376819
