baogao1976      n/2/2/ab/1006/n/10                    77.51   1       1       1       0.625   1.44741 0       6
Silver_Wolfer   n/2/4/abcd/945/2.95/52                68.97   1       1       0       1.25    0.01254 1.79855 33
Ham4541         n/2/6/abcd/956/1.8775/83.625          66.63   1       1       0       1.25    0.04688 1.46844 24
greencatlv猫    n/2/5/d/976/2.5125/61.2375            64.49   1       1       0       0.3125  0.30362 1.66197 10
灵芝草1996      n/2/4/abcd/935/1.0975/47.04           63.46   1       1       0       1.25    0.00314 1.24206 29
台风happier     n/3/5/abcd/939/3.525/80               61.44   1       0       0       1.25    0.00558 1.9802  46
夕阳xiyang2016  n/2/3/abcd/952/y/42                   59.1    1       1       0.16667 1.25    0.02974 0.5     17
新河中学林林    y/2/6/abcd/955.5/2.1865/60.145        58.16   0       1       0       1.25    0.04436 1.56177 32
无何a           n/3/5/abcd/928/2.3825/58.2675         57.99   1       0       0       1.25    0.00107 1.62182 43
三旋共舞        n/2/3/abcd/935/y/44                   57.67   1       1       0.16667 1.25    0.00314 0.5     37
雾夜香蒲        n/3/5/ab/950/3.545/34.567             57.15   1       0       0       0.625   0.02344 1.98653 35
高氙酸三氢钠    y/2/5/abcd/958/1.3/41.0625            56.74   0       1       0       1.25    0.05826 1.2994  11
1007圆规        n/2/5/abcd/963/y/38.6575              56.34   1       1       0       1.25    0.09731 0.5     40
minecraft6688   n/2/5/d/998/n/39                      56.23   1       1       0       0.3125  1.13748 0       21
zhengxin175     y/2/3/abcd/950/0.850/27               55.89   0       1       0.16667 1.25    0.02344 1.17353 38
56倍速          n/3/4/abcd/921/1.2175/30.52           55.13   1       0       0       1.25    0.00033 1.27591 31
炎煌深沉        y/2/3/cd/1007/n/35.67                 54.9    0       1       0.16667 0.625   1.39492 0       27
1614SuperTY     n/2/4/abcd/980/n/110                  54.86   1       1       0       1.25    0.40773 0       39
wxl815420心愿   y/3/4/abcd/959/3.000/78               53.08   0       0       0       1.25    0.06477 1.81428 19
20170832dtf     y/2/7/d/1005/16/23                    52.31   0       1       0       0.3125  1.5     0       2
1330号海燕      n/2/3/d/985/n/25                      52.28   1       1       0.16667 0.3125  0.56902 0       13
高隽丰          n/2/5/abcd/952/n/59                   51.31   1       1       0       1.25    0.02974 0       23
无4比秦         n/2/5/abcd/936/n/68                   50.7    1       1       0       1.25    0.00363 0       30
whk1Q59         y/1/6/abd/966/4.5785/59.3785          50.43   0       0       0       0.9375  0.12972 1.68803 5
苏联波兰233333  y/4/6/abcd/955/1.5/42.25              47.03   0       0       0       1.25    0.04195 1.35706 45
Tip1979超强     n/3/4/abcd/945/y/63.7825              46.84   1       0       0       1.25    0.01254 0.5     44
双鱼bieber6666  n/2/0/cd/930/20.0000/80.0000          46.2    1       1       0       0.625   0.00147 0.00224 8
哈哈哈哈尔时候  y/2/6/ab/990/n/45.4545                46.09   0       1       0       0.625   0.76453 0       7
大爱LX570       n/2/5/ab/942/6/63                     45.97   1       1       0       0.625   0.00843 0       16
AA10698236957   n/2/3/d/948/17/77                     45.72   1       1       0.16667 0.3125  0.01834 0       15
超强台风三巴    n/2/4/d/964/n/25                      44.86   1       1       0       0.3125  0.10728 0       3
宇宙中的小阳光  y/2/6/abc/980/n/60                    44.15   0       1       0       0.9375  0.40773 0       20
consolas112238  y/2/7/abcd/965/n/47                   43.82   0       1       0       1.25    0.11807 0       9
我是最强台风    y/2/5/abcd/959/n/53                   42.41   0       1       0       1.25    0.06477 0       34
ghj123h         n/3/5/cd/933/y/61.1125                41.64   1       0       0       0.625   0.00233 0.5     41
凌空十方寂灭    /2/4/d/972/y/102.25                   41.61   0       1       0       0.3125  0.22037 0.5     26
32778068        n/3/5/cd/916/y/40.1225                41.59   1       0       0       0.625   0.00014 0.5     42
1821Jebi        y/2/3/bd/964/9/66.6666                40.04   0       1       0.16667 0.625   0.10728 0       28
Dr_Cece         n/3/4/d/980/n/30                      39.18   1       0       0       0.3125  0.40773 0       18
个反应蛋白va    y/2/6/c/977/n/41.5411                 38.04   0       1       0       0.3125  0.32763 0       12
xkq0430         y/2/5/cd/956/17/34.1225               37.15   0       1       0       0.625   0.04688 0       25
熱帶低気圧13W   n/3/4/d/964/n/35                      36.01   1       0       0       0.3125  0.10728 0       1
学困是小学霸    y/3/3/abcd/940/18/60.0000             35.47   0       0       0.16667 1.25    0.00641 0       36
1998Zeb         y/2/5/d/960/n/50                      35.17   0       1       0       0.3125  0.0719  0       4
NGC33726946     y/4/5/abcd/956/15.0000/80.0000        34.43   0       0       0       1.25    0.04688 0.04691 22
GFSsil          y/3/4/abc/915/10.9725/36              33.81   0       0       0       0.9375  0.00011 0.28514 14
1. 0.565217391304348
2. 0.673913043478261
3. 0.0507246376811594
4. 0.695652173913044
5. 0.148222193954061
6. 0.280041641919669