greencatlv猫    0/0/d/2/0.0/90             64.02   0       1       1       0.13    0       0       1
56倍速          0/24/d/3/0.45/46.7         62.99   0       0       1       1       0       0       21
小莎47          0/0/d/2/0.0/63             62.9    0       1       1       0.13    0       0       15
学习与我同在    0/0/d/2/0.0/120            62.66   0       1       1       0.13    0       0       18
台风happier     0/0/d/1/0.0/95             61.93   0       1       1       0       0       0       3
高氙酸三氢钠    0/0/d/1/0.0/120            61.56   0       1       1       0       0       0       8
SP1900公主      0/0/d/1/0.0/110            61.49   0       1       1       0       0       0       9
renzhetegong    0/96/b/2/0.8/118           54.37   0       0       0       0.13    1       0       17
炎煌深沉        0/24/b/2/0.8/104           54.11   0       0       0       0.13    1       0       22
Silver_Wolfer   0/120/d/4/0.9/117.5        52.19   0       0       1       0.13    0.1     0       23
超强台风康妮    115/0/b/2/0.0/145          51.52   0       1       0       0.13    0       0       11
1007圆规        0/120/d/2/0.0/117.8        51.2    0       0       1       0.13    0       0       12
凌空十方寂灭    0/72/c/2/0.0/128.2         51.09   0       0       0       0.13    0       0.61126 13
新河中学林林    0/0/ab/a/0.0/103.0         49.53   0       1       0       0       0       0       14
绝恋孤雪        25/72/ab/2/0.0/85.0        39.58   0       0       0       0.13    0       0       5
AA10698236957   0/120/ab/2/0.0/90          39.58   0       0       0       0.13    0       0       6
哈哈哈哈尔时候  0/48/c/2/1.0/115.0         39.56   0       0       0       0.13    0       0       10
热带扰动97W     0/96/ab/2/1.0/101          39.52   0       0       0       0.13    0       0       16
兔宝宝990327    0/120/b/4/1.0/120          39.5    0       0       0       0.13    0       0       19
乌鸦信用        0/96/abc/1/1.01/120        37.67   0       0       0       0       0       0       2
CM_Block        0/96/ab/1/0.0/100          37.67   0       0       0       0       0       0       4
Ants小蚂蚁      0/96/a/1/0.0/120           37.67   0       0       0       0       0       0       7
无何a           0/120/b/5/1.0/118          37.67   0       0       0       0       0       0       20
2. 0.347826086956522
3. 0.391304347826087
4. 0.122608695652174
5. 0.091304347826087
6. 0.0177176957227429
