qiqi20030111    n/5/ln/40/wp/1817        69.43   1       0       0       0.25    1       1       36
5556小睿Q       n/4/zj/40/wp/1815        67.05   1       0       1       0.25    1       0       47
fx2422esplus    n/4/sd/33/wp/1817        66.82   1       0       0       0       1       1       15
大水台6         n/3/no/33/wp/1817        66.72   1       0       0       0       1       1       17
huyikai10       n/5/sd/42/wp/1816        66.15   1       0       0       1       1       0       8
雾夜香蒲        n/3/zj/25/wp/190337      63.8    1       0       1       0       1       0.02715 49
我是最强台风    n/4/zj/30/wp/1816        63.62   1       0       1       0       1       0       44
破很骚年        n/3/zj/35/wp/1816        63.53   1       0       1       0       1       0       46
快乐乐园噜噜    n/4/zj/35/wp/1815        63.35   1       0       1       0       1       0       50
szyczxzh        n/3/zj/25/wp/1815        63.16   1       0       1       0       1       0       54
超强台风米娜    y/3/l/30/al/18           61.69   0       0       0       0       0       2       5
台风洛坦        n/3/zj/40/ep/1815        57.01   1       0       1       0.25    0       0       45
高氙酸三氢钠    n/5/sd/40/wp/1816        55      1       0       0       0.25    1       0       4
假千九1141A     n/3/sd/42/ep/1815        55      1       0       0       1       0       0       23
dkykyud         y/2/no/42/wp/1815        54.72   0       0       0       1       1       0       22
大爱LX570       n/4/sd/42/ep/1816        54.53   1       0       0       1       0       0       37
哈哈哈哈尔时候  n/2/z/40/wp/1816         54.35   1       0       0       0.25    1       0       24
闪电灵蛇2代     n/5/sd/40/wp/1816        54.29   1       0       0       0.25    1       0       26
钽钨毛细血管瘤  n/5/zj/48/ep/1815        53.55   1       0       1       0       0       0       41
过得喝喝酒      n/3/zj/38/ep/1816        53.49   1       0       1       0       0       0       43
32778068        n/5/js/28/wp/1816        51.31   1       0       0       0       1       0       1
帅猫的花园      n/4/sd/35/wp/1816        51.28   1       0       0       0       1       0       2
只是戏中的角色  n/4/no/35/wp/1816        51.25   1       0       0       0       1       0       3
诸葛理弘        n/6/js/28/wp/1816        51.17   1       0       0       0       1       0       6
zyh20011106     n/4/no/33/wp/1618        51.14   1       0       0       0       1       0       7
1614SuperTY     n/3/no/33/wp/1816        51.06   1       0       0       0       1       0       10
1007圆规        n/3/no/33/wp/1815        51.03   1       0       0       0       1       0       11
二十中初一      n/5/no/33/wp/1816        51      1       0       0       0       1       0       12
三旋共舞        n/5/no/28/wp/1816        50.89   1       0       0       0       1       0       16
arkkaenb        n/4/sd/38/wp/1816        50.64   1       0       0       0       1       0       25
匝那吾长        n/3/js/28/wp/1815        50.28   1       0       0       0       1       0       38
1401玲玲        n/4/no/35/wp/1816        50.01   1       0       0       0       1       0       48
兔宝宝990327    n/3/sh/33/wp/1816        49.92   1       0       0       0       1       0       51
焰风11          n/4/sh/30/wp/1816        49.9    1       0       0       0       1       0       52
Silver_Wolfer   n/5/sd/33/wp/1816        49.87   1       0       0       0       1       0       53
爱泷不悔sun     y/4/no/42/ep/1816        43.93   0       0       0       1       0       0       39
1998Zeb         y/4/no/45/wp/1815        43.66   0       0       0       0.25    1       0       21
mc理科生        y/2/sd/45/wp/1815        43.55   0       0       0       0.25    1       0       27
一hjkhfv        y/3/zj/25/ep/1816        43.19   0       0       1       0       0       0       33
我问ww我问问问  n/4/sh/38/ep/06          40.45   1       0       0       0       0       0       9
greencatlv猫    n/3/ln/52/ep/1816        40.15   1       0       0       0       0       0       30
松鸦_喵喵       n/3/no/33/al/1816        40.08   1       0       0       0       0       0       35
jiayi040301     y/3/sh/25/wp/1816        40.07   0       0       0       0       1       0       13
愿台风刮过      y/2/js/33/wp/1815        40.06   0       0       0       0       1       0       14
吴明世X         y/1/no/28/wp/1815        40      0       0       0       0       1       0       18
我是c5台风      y/2/sd/23/wp/1816        39.98   0       0       0       0       1       0       20
永远de幸福0     y/4/no/48/wp/1816        39.87   0       0       0       0       1       0       28
桑达1sji        y/5/js/30/wp/1816        39.85   0       0       0       0       1       0       29
燕山_蓝图       y/5/no/38/wp/1815        39.78   0       0       0       0       1       0       34
shenbinshiwo    y/5/js/50/wp/1815        39.7    0       0       0       0       1       0       40
jvixvixnvxnv    y/4/jz/28/wp/1816        39.68   0       0       0       0       1       0       42
renzhetegong    y/5/sh/28/wp/1816        39.5    0       0       0       0       1       0       55
小莎47          y/2/no/25/cp/1815        29.49   0       0       0       0       0       0       19
你打的是友军    y/2/no/30/ep/1815        29.49   0       0       0       0       0       0       31
热带扰动97W     y/5/sh/38/ep/1815        29.49   0       0       0       0       0       0       32
0.654545454545454
0
0.181818181818182
0.127272727272727
0.745454545454545
0.0849885199140419