炎煌深沉        n/977/abce/3/-20.6/8          69.74   0       0       1.25    1       1.17426 0       24
Silver_Wolfer   n/970/abce/3/-20.8/8          69.17   0       0       1.25    1       1.08224 0       20
32778068        n/975/abce/3/-21.2/8          67.22   0       0       1.25    1       0.91926 0       21
56倍速          n/930/abce/3/-22.9/10         61.86   0       0       1.25    1       0.45939 0       23
夕阳xiyang2016  0/985/abce/1/-5/5             58.16   1       0       1.25    0       0       0       13
钽钨毛细血管瘤  y/974/abde/1/-20.13/13        56.63   0       0       0.625   0       1.4225  0.12    16
SP1900公主      0/995/abcd/1/-23.3/5          56.18   1       0       0.625   0       0.39021 0       15
轻轻叶子青青    y/985/abce/0/-22/4            52.25   0       0       1.25    0       0.66324 0       7
三旋共舞        n/980/abce/2/-18.2/5          52.15   0       0       1.25    0       0.71963 0       19
1007圆规        n/965/abce/2/-18.1/5          51.95   0       0       1.25    0       0.69086 0       17
雾夜香蒲        n/977/ace/2/-21.2/10          51.37   0       0       0.9375  0       0.91926 0       18
renzhetegong    n/972/abce/2/-22.0/5          51.33   0       0       1.25    0       0.66324 0       22
1998Zeb         0/995/abd/1/25/5              49.13   1       0       0.3125  0       0       0       4
greencatlv猫    y/990/abc/0/-18/2             48.97   0       0       0.9375  0       0.66324 0       8
AA10698236957   n/955/abd/0/-19/6             46.33   0       0       0.3125  0       0.99742 0       11
fx2422esplus    y/970/abcd/0/-18/4            45.84   0       0       0.625   0       0.66324 0       6
热带扰动97W     n/963/abcde/0/-7/5            42.52   0       0.04861 0.9375  0       0       0       3
1401玲玲        n/990/abd/1/-23/4             39.9    0       0       0.3125  0       0.44102 0       10
小莎47          y/990/abcd/1/-14.7/6          39.87   0       0       0.625   0       0.17253 0       14
宇宙中的小阳光  n/975/abd/1/-23.1/3           39.64   0       0       0.3125  0       0.42339 0       12
高氙酸三氢钠    y/978/abcd/1/-9.8/4           38.39   0       0       0.625   0       0.02336 0       2
无何a           y/965/abd/0/-24/2             38.28   0       0       0.3125  0       0.29326 0       5
dkykyud         n/990/abcd/1/-10/5            38.27   0       0       0.625   0       0.02535 0       9
我问ww我问问问  n/0/b/0/d/y/c/a/r/e/s         34.85   0       0       0.3125  0       0       0       1
0.125
0.00202526680742857
0.65625
0.166666666666667
0.355746699505962
0.005
