Silver_Wolfer   y/5/0/0/17/cdba          65.56   1       0       1       1.25    0.2     1.25    15
学习与我同在    y/4/2/0/14/cdba          62.62   1       1       0       1.25    0       1.25    13
1007圆规        n/4/1/0/19/cdba          61.38   0       1       0       1.25    0.6     1.25    5
我是最强台风    n/4/1/0/18/cdba          59.09   0       1       0       1.25    0.4     1.25    12
renzhetegong    y/4/1/0/8/cda            57.94   1       1       0       1.25    0       0.625   19
乌鸦信用        y/4/1/0/18/dcba          57.8    1       1       0       1.25    0.4     0       10
32778068        n/5/0/0/16/cdba          57.04   0       0       1       1.25    0       1.25    18
小莎47          n/4/4/0/6/cdab           55.78   0       1       0       1.25    0       1.25    14
炎煌深沉        n/4/1/0/15/cdba          55.61   0       1       0       1.25    0       1.25    16
56倍速          y/5/2/0/16/cda           51.95   1       0       0       1.25    0       0.625   17
无何a           n/4/1/0/17/dca           49.33   0       1       0       1.25    0.2     0       11
AA10698236957   n/4/3/345/22/dcab        46.7    0       1       0       0       0.8     0       3
高氙酸三氢钠    n/4/1/23/18/dcb          43.31   0       1       0       0       0.4     0       7
哈哈哈哈尔时候  n/3/0/35/15/dcab         41.96   0       0       1       0       0       0       1
greencatlv猫    y/3/1/23/16/dcba         40.68   1       0       0       0       0       0       4
SP1900公主      y/5/4/234/16/dbca        40.55   1       0       0       0       0       0       9
夕阳xiyang2016  n/3/2/23/17/dcba         35.3    0       0       0       0       0.2     0       6
热带扰动97W     n/3/1/16/15/dacb         33.7    0       0       0       0       0       0       2
薛yxi           n/3/5/12/3/abdc          33.7    0       0       0       0       0       0       8
1. 0.368421052631579
2. 0.526315789473684
3. 0.157894736842105
4. 0.578947368421053
5. 0.168421052631579
6. 0.421052631578948
