匝那吾长        y/no/b/25/4/1            79.32   1       1       1.25    1.25    0       0.5     3
56倍速          y/no/c/25/3/09           70.63   1       1       0       1.25    0       1       20
0627呵呵        y/no/b/35/3/1            62.3    1       1       1.25    0       0       0.5     17
爱拍天羽        y/no/b/20/3/1            61.96   1       1       1.25    0.0294  0       0.5     26
闪电灵蛇2代     y/no/b/30/4/2            58.98   1       1       1.25    0.0294  0       0       7
炎煌深沉        y/2.0/b/24/3/1           58.63   1       0       1.25    0.59046 0       0.5     30
兔宝宝990327    y/no/b/30/3/1000         57.87   1       1       1.25    0.0294  0       0.02999 27
个反应蛋白va    y/4.0/b/30/4/1           53.46   1       0       1.25    0.0294  0       0.5     2
jvixvixnvxnv    y/3.5/b/45/3/1           52.49   1       0       1.25    0       0       0.5     13
吴明世X         y/3.5/b/40/3/1           52.43   1       0       1.25    0       0       0.5     14
1401玲玲        y/2.0/b/30/4/1           52.19   1       0       1.25    0.0294  0       0.5     25
Silver_Wolfer   y/2.5/b/30/3/1           52.03   1       0       1.25    0.0294  0       0.5     28
32778068        y/2.5/b/30/3/1           51.97   1       0       1.25    0.0294  0       0.5     29
高氙酸三氢钠    y/no/a/40/4/1            51.97   1       1       0       0       0       0.5     1
流星夏夜的泪    y/no/a/35/4/1            51.5    1       1       0       0       0       0.5     10
雾夜香蒲        y/no/a/36/5/1            50.83   1       1       0       0       0       0.5     23
星旋斗转        y/5.0/b/30/4/02          48.62   1       0       1.25    0.0294  0       0       9
假千九1141A     y/3.5/b/35/4/2           48.48   1       0       1.25    0       0       0       4
小莎47          y/3.0/b/42/29/00         48.17   1       0       1.25    0       0       0       11
我是最强台风    y/2.5/b/40/3/00          47.99   1       0       1.25    0       0       0       15
钽钨毛细血管瘤  y/2.5/a/50/4/09          45.32   1       0       0       0       0       1       21
jiayi040301     y/1.5/c/40/6/1           42.94   1       0       0       0       0.1     0.5     18
热带扰动97W     y/3.0/a/45/5/1           41.36   1       0       0       0       0       0.5     8
1007圆规        y/2.5/a/35/3/1           41.13   1       0       0       0       0       0.5     16
arkkaenb        y/2.0/a/42/3/1           41.05   1       0       0       0       0       0.5     19
dkykyud         y/3.5/c/40/4/1           40.91   1       0       0       0       0       0.5     24
renzhetegong    y/2.5/a/35/4/1           40.71   1       0       0       0       0       0.5     31
夏_夜_星_辰     y/3.5/a/30/4/22          37.33   1       0       0       0.0294  0       0       5
fx2422esplus    y/3.0/a/30/3/00          37.31   1       0       0       0.0294  0       0       6
qiqi20030111    y/3.5/c/35/3/00          36.83   1       0       0       0       0       0       12
1998Zeb         n/3.0/bc/35/4/1          33.32   0       0       0       0       0       0.5     22
0.967741935483871
0.290322580645161
0.516129032258065
0.0873401293968099
0.0032258064516129
0.57285672160195
