56倍速          n/3/e/0/6.0/17.04          79.56   1       1       1       0       0.13    1.01384 23
台风happier     n/3/e/6/5.0/0              67.67   1       1       1       0.13    0       0       2
兔宝宝990327    n/3/d/7/5.5/13.27          67.34   1       1       0       1       0       0.21771 1
无何a           n/2/d/7/5.5/13.0           55.51   1       0       0       1       0       0.195   15
SP1900公主      n/3/c/9/5.5/12.2010        54.55   1       1       0       0       0       0.14075 4
renzhetegong    n/3/d/2/5.5/13             54.02   1       1       0       0       0       0.195   24
热带扰动97W     n/3/c/6/4.4/7.6865         53.88   1       1       0       0.13    0       0.02231 13
乌鸦信用        n/1/d/7/5.5/0              53.64   1       0       0       1       0       0       3
哈哈哈哈尔时候  n/2/b/7/5.0/2.3333         53.47   1       0       0       1       0       0       6
Silver_Wolfer   n/3/c/0/4.5/11.8825        53.29   1       1       0       0       0       0.1236  21
2018yutu        n/3/c/5/4.5/1.7            52.08   1       1       0       0       0       0       14
宇宙中的小阳光  n/2/b/4/3.5/15.34          48.4    1       0       0       0       0       0.50665 18
钽钨毛细血管瘤  n/2/b/8/4.0/10.13          44.22   1       0       0       0.13    0       0.06046 11
高氙酸三氢钠    n/2/c/6/5.5/8.5397         43.93   1       0       0       0.13    0       0.0316  8
炎煌深沉        n/2/c/0/4.0/12.23          43.52   1       0       0       0       0       0.14242 22
1007圆规        n/2/c/6/5.0/4.3685         43.39   1       0       0       0.13    0       0       12
Ants小蚂蚁      n/2/b/6/2.5/1.2324         43.24   1       0       0       0.13    0       0       17
greencatlv猫    n/2/b/6/2.5/0.1225         43.18   1       0       0       0.13    0       0       19
绝恋孤雪        n/1/c/4/3.0/1.200          42.1    1       0       0       0       0       0       5
凌空十方寂灭    n/2/b/2/1.0/2.28           42.05   1       0       0       0       0       0       7
AA10698236957   n/2/b/3/3.0/3.078          42.01   1       0       0       0       0       0       9
夕阳xiyang2016  n/2/b/3/2.5/1.2835         41.98   1       0       0       0       0       0       10
小莎47          n/2/b/0/3.0/0.9625         41.74   1       0       0       0       0       0       20
学习与我同在    y/2/c/6/3.0/1.1121         35.24   0       0       0       0.13    0       0       16
1. 0.958333333333334
2. 0.333333333333333
3. 0.0833333333333334
4. 0.21
5. 0.00541666666666667
6. 0.073592336795859