大爱LX570       n/bce/91/2.5/65/a          70.4    1       0       1       0       1       1       15
dkykyud         n/bde/91/5.0/65/e          67.63   1       0.625   1       0.13    1       0       32
夕阳xiyang2016  n/bde/91/4.5/50/a          66.53   1       0.625   1       0       0       1       11
56倍速          n/bde/99/6.5/65/a          64.08   1       0.625   0       0       1       1       35
32778068        n/de/92/3.5/60/a           62.11   1       1.25    0       0       0.13    1       28
jiayi040301     n/be/91/6.0/60/a           60.77   1       0       1       0.13    0.13    1       26
我是最强台风    n/abcd/91/6.0/45/a         58.93   1       0       1       0.13    0       1       30
勇往直前201444  n/bde/99/5.5/60/e          57.89   1       0.625   0       1       0.13    0       17
renzhetegong    n/bde/99/5.0/65/e          57.35   1       0.625   0       0.13    1       0       2
钽钨毛细血管瘤  n/ae/91/7.0/55/a           57.24   1       0       1       0       0       1       29
1401玲玲        n/bde/99/5.0/60/a          56.68   1       0.625   0       0.13    0.13    1       19
1007圆规        n/bde/90/4.5/60/a          54.57   1       0.625   0       0       0.13    1       24
雾夜香蒲        n/bde/91/3.5/55/e          54.16   1       0.625   1       0       0       0       31
Silver_Wolfer   n/e/99/4.0/60/a            53.96   1       0.625   0       0       0.13    1       34
高氙酸三氢钠    n/bd/90/5.5/60/e           50.34   1       0       0       1       0.13    0       9
1998Zeb         y/bcd/91/4.0/50/a          49.09   0       0       1       0       0       1       8
无何a           n/bd/90/5.0/65/e           48.66   1       0       0       0.13    1       0       12
SP1900公主      y/bde/90/5.5/55/e          47.54   0       0.625   0       1       0       0       3
greencatlv猫    n/b/90/3.5/60/a            47.36   1       0       0       0       0.13    1       10
热带扰动97W     n/abe/90/4.5/65/e          47.15   1       0       0       0       1       0       5
小莎47          n/abde/99/3.5/60/a         46.77   1       0       0       0       0.13    1       23
arkkaenb        n/ac/90/3.5/65/b           46.57   1       0       0       0       1       0       18
名字是不是吃的  n/abcd/92/4.0/65/b         46.39   1       0       0       0       1       0       22
闪电灵蛇2代     n/bde/90/5.0/60/e          45.98   1       0.625   0       0.13    0.13    0       13
szyczxzh        n/be/99/4.5/55/a           45.33   1       0       0       0       0       1       20
jvixvixnvxnv    n/ae/90/4.5/45/a           45.29   1       0       0       0       0       1       21
炎煌深沉        n/abcde/90/3.5/55/a        45.04   1       0       0       0       0       1       27
匝那吾长        n/bde/90/4.0/55/e          42.46   1       0.625   0       0       0       0       16
宇宙中的小阳光  n/bde/90/4.0/55/e          41.85   1       0.625   0       0       0       0       33
个反应蛋白va    n/be/99/5.0/60/e           38.19   1       0       0       0.13    0.13    0       4
fx2422esplus    n/be/99/5.0/60/d           38.13   1       0       0       0.13    0.13    0       6
轻轻叶子青青    n/be/90/5.0/60/e           38.11   1       0       0       0.13    0.13    0       7
哈哈哈哈尔时候  n/bcd/98/6.0/100/e         36.33   1       0       0       0.13    0       0       14
三旋共舞        n/be/99/5.0/55/e           36.08   1       0       0       0.13    0       0       25
星旋斗转        y/ab/90/4.0/55kt/d         25.05   0       0       0       0       0       0       1
