56倍速          gw/31/superty/0.5/n/138.8e      75.92   1       0       1       0       1       1.25    25
雾夜香蒲        gw/31/superty/1.0/n/22.8n       71.53   1       0       1       1       1       0       33
兔宝宝990327    sw/26/superty/1.0/n/23.3n       64.97   0       0       1       1       1       0.16917 26
Silver_Wolfer   sw/31/superty/1.0/n/21.5n       64.29   0       0       1       1       1       0.16917 35
满洲正黄旗5     sw/30/ty/1.0/n/22.5n            64.18   0       0       0       1       1       1.25    37
焰风11          sw/28/superty/1.0/n/24.0n       62.8    0       0       1       1       1       0.02289 31
我是最强台风    gw/29/ty/1.5/n/24.1n            61.29   1       1       0       0       1       0.16917 24
吴明世X         gw/29/sty/1.0/no/25.3n          59.96   1       1       0       1       0       0.02289 28
小莎47          gw/26/sts/0.5/no/17.4n          52.24   1       0       0       0       0       1.25    10
帅猫的花园      gw/31/sts/0.5/no/25.5n          51.95   1       0       0       0       0       1.25    16
热带扰动97W     sw/31/sty/1.0/n/135.7e          51.25   0       0       0       1       1       0.16917 34
qiqi20030111    gw/29/sty/0.5/y/15.5n           51.13   1       1       0       0       0       0.16917 4
0627呵呵        gw/30/ty/0.5/no/25.0n           50.97   1       0       0       0       0       1.25    36
dkykyud         gw/29/sty/0.5/no/20.5n          50.76   1       1       0       0       0       0.16917 12
松鸦_喵喵       gw/29/ty/0.5/no/21.5n           50.53   1       1       0       0       0       0.16917 17
arkkaenb        gw/31/ty/1.0/y/22.1n            50.43   1       0       0       1       0       0.16917 14
爱泷不悔sun     gw/27/ts/1.0/no/25.1n           50.2    1       0       0       1       0       0.16917 19
燕山_蓝图       gw/31/ty/0.5/n/21.1n            49.31   1       0       0       0       1       0.16917 22
破很骚年        gw/29/ty/0.5/no/24.7n           48.95   1       1       0       0       0       0.02289 11
jiayi040301     gw/29/ty/0.5/no/26.8n           48.91   1       1       0       0       0       0       5
炎煌深沉        gw/27/ty/0.5/n/24.4n            48.87   1       0       0       0       1       0.16917 32
mc创造神专业户  gw/26/sts/1.0/no/122.5e         48.75   1       0       0       1       0       0       3
mc理科生        gw/29/ty/0.5/no/122.1e          48.28   1       1       0       0       0       0       20
Air_rings666    gw/29/ty/0.5/no/23.8            47.98   1       1       0       0       0       0       27
匝那吾长        gw/30/sts/0.5/n/124.5e          47.49   1       0       0       0       1       0       15
等待远行之青岛  gw/31/sts/0.5/n/14.5n           47.25   1       0       0       0       1       0       21
1998Zeb         gw/28/ts/0.5/n/25n              47.16   1       0       0       0       1       0       23
我问ww我问问问  gw/1/ty/0.5/n/28.8n             46.92   1       0       0       0       1       0       29
星旋斗转        su/30/ty/0.5//17.9n             42.58   0       0       0       0       0       1.25    13
fx2422esplus    gw/31/sts/0.5/no/20.0n          38.55   1       0       0       0       0       0.16917 6
siqq0501        gw/3/sts/0.5/no/23.4n           36.65   1       0       0       0       0       0.02289 7
个反应蛋白va    gw/30/ty/0.5/no/23.9n           36.63   1       0       0       0       0       0.02289 8
闪电灵蛇2代     gw/30/ty/0.5/no/125.4e          36.46   1       0       0       0       0       0       1
高氙酸三氢钠    gw/30/sts/0.5/no/121.5e         36.45   1       0       0       0       0       0       2
1401玲玲        gw/28/ts/0.5/no/no              36.32   1       0       0       0       0       0       9
假千九1141A     gw/30/ty/0.5/no/120.4e          36.15   1       0       0       0       0       0       18
51moreplants    gw/1/sty/5.0/no/140.0e          35.93   1       0       0       0       0       0       30
0.837837837837838
0.243243243243243
0.135135135135135
0.27027027027027
0.378378378378378
0.208529772791433
