56倍速          15/n/2/10/89/18/03-28           64.23   0       0       1       1       0.03347 0       21
炎煌深沉        0/n/2/10/86.8/18/03-18          63.53   0       0       1       1       0       0       22
Silver_Wolfer   25/n/2/10/75/28/03-30           63.43   0       0       1       1       0       0       23
热带扰动97W     20/n/1/10/85.2/24/02-26         62.36   1       0       0       1       0       0       9
高氙酸三氢钠    20/n/1/10/81/24/03-20           61.94   1       0       0       1       0       0       14
勇往直前201444  20/n/1/10/85/26/03-28           61.85   1       0       0       1       0       0       15
renzhetegong    20/n/3/10/87.0/26/03-05         61.09   1       0       0       1       0       0       24
AA10698236957   20/n/1/12/93.50/16/02-20        54.74   1       0       0       0       0.30315 0       1
雾夜香蒲        0/n/2/09/86.4/21/03-15          51.67   0       0       1       0.1     0       0       20
乌鸦信用        25/n/1/10/94/28/02-21           51.59   0       0       0       1       0.18203 0       4
无何a           20/n/1/11/74/28/02-24           50.24   1       0       0       0.1     0       0       2
小莎47          20/n/1/09/89/24/03-17           50.1    1       0       0       0.1     0.03347 0       18
三旋共舞        20/n/1/09/86/24/03-03           49.58   1       0       0       0.1     0       0       16
宇宙中的小阳光  20/n/1/09/83/27/03-04           49.54   1       0       0       0.1     0       0       17
1401玲玲        25/n/1/11/92/25/02-22           48.99   0       0       0       0.1     0.71417 0       8
学习与我同在    25/n/1/10/84.3/24/03-02         47.86   0       0       0       1       0       0       10
1007圆规        25/n/1/10/87/25/03-09           47.49   0       0       0       1       0       0       19
台风也能复活    25/n/1/09/93/27/02-19           44.86   0       0       0       0.1     0.50486 0       13
夕阳xiyang2016  25/n/1/11/90/24/02-27           37.19   0       0       0       0.1     0.09284 0       11
我问ww我问问问  25/n/1/09/88.88/28/02-22        36      0       0       0       0.1     0.02962 0       12
EthanWang706    0/n/1/11/80/28/02-23            35.48   0       0       0       0.1     0       0       3
greencatlv猫    15/n/1/11/75/20/03-04           35.47   0       0       0       0.1     0       0       5
全立刻          25/n/1/11/75/26/02-21           35.46   0       0       0       0.1     0       0       7
哈哈哈哈尔时候  30/n/1/07/95/20/03-30           35.32   0       0       0       0       0.06563 0       6
1. 0.375
2. 0
3. 0.166666666666667
4. 0.466666666666667
5. 0.0816353588845044
6. 0
