雾夜香蒲        1024/yn/84/1.1875/ll/1         68.6    0       1       0.625   0.40854 1       0       14
dkykyud         1010/yn/30/3.454/hl/2          65.47   0       1       0       0.05404 1       1       10
renzhetegong    1022/yy/50/1.5/hl/2            61.67   0       0       0       0.7729  1       1       15
Silver_Wolfer   1012/yn/63/1.4000/hl/1         60.23   0       1       0       0.63026 1       0       16
无何a           1012/yn/67/2.7/hl/1            57.18   0       1       0       0.25165 1       0       3
小莎47          1012/yn/54/2.871/hlm/2         55.78   0       1       0       0.17753 0       1       11
宇宙中的小阳光  1010/yn/3/3.532/lhm/2          54.79   0       1       0       0.04609 0       1       5
fx2422esplus    1010/ny/48/2/hl/1              54.62   0       0       0       1.04962 1       0       6
32778068        1010/yy/38/1.4700/hm/2         50.46   0       0       0       0.72701 0       1       13
炎煌深沉        1012/yy/30/1.3333/hl/1         47.79   0       0       0       0.55007 1       0       17
1007圆规        1014/yy/40/1.6675/mml/1        43.53   0       0       0       1.08777 0       0       12
高氙酸三氢钠    1012/yy/52/3.25/lh/2           43.42   0       0       0       0.08193 0       1       2
轻轻叶子青青    1015/yy/36/0.1525/llh/2        43.07   0       0       0       0.04945 0       1       1
我问ww我问问问  1013/ny/25/2.019/tl/0          42.99   0       0       0       1.00971 0       0       4
热带扰动97W     1008/nn/69/4/hl/1              42.04   0       0       0       0.01774 1       0       8
greencatlv猫    1011/nn/45/1.46/lm/1           39.26   0       0       0       0.71233 0       0       7
1401玲玲        1012/ny/42/2.5/lm/1            35.2    0       0       0       0.37845 0       0       9
56倍速          1010/yy/30/1/mm/0              33.89   0       0       0       0.27867 0       0       18
0
0.333333333333333
0.0277777777777778
0.306805321824142
0.444444444444444
0.388888888888889
