1. 0.638888888888889
2. 0.5
3. 0.0833333333333334
4. 0.333333333333333
5. 0.115833333333333
6. 0
灵芝草1996      n/d/2/47.4/4/93/39.6275         65.77   1       0       1       0       1       0       14
1007圆规        n/f/4/-/5/113/x                 65.39   1       1       0       1.5     0.13    0       34
雾夜香蒲        n/f/5/-/6/111.111/eebb          64.94   1       1       0       1.5     0       0       18
renzhetegong    n/f/4/-/6/113/bebb              64.3    1       1       0       1.5     0       0       28
高氙酸三氢钠    n/f/4/-/6/117/eebb              64.24   1       1       0       1.5     0       0       29
ghj123h         n/f/3/-/6/112/bebb              64.17   1       1       0       1.5     0       0       30
无何a           n/f/4/-/6/126/39.7              63.98   1       1       0       1.5     0       0       33
Silver_Wolfer   n/f/4/-/6/115/eebb              63.85   1       1       0       1.5     0       0       35
新河中学林林    y/f/3/-/7/105/39.7469           56.36   0       1       0       1.5     0       0       21
Tip1979超强     y/f/4/-/6/113/eebb              56.22   0       1       0       1.5     0       0       24
我是最强台风    y/f/4/-/6/116/eebb              55.89   0       1       0       1.5     0       0       31
32778068        n/e/3/-/6/124/eebb              55.39   1       0       0       1.5     0       0       32
炎煌深沉        n/d/2/38.1/2/68/x               53.95   1       0       1       0       0       0       15
2018yutu        n/e/3/45/4/80/x                 53.28   1       0       0       0       1       0       16
个反应蛋白va    n/f/4/86/5/116/eebb             51.79   1       1       0       0       0.13    0       22
lrh182520       n/f/5/50/5/90/eeeb              51.68   1       1       0       0       0.13    0       25
AA10698236957   n/f/5/72/8/88/eebb              50.81   1       1       0       0       0       0       7
菊花开而樱花落  n/f/6/58/7/110/x                50.46   1       1       0       0       0       0       17
zhengxin175     n/f/4/45/6/130/x                50.39   1       1       0       0       0       0       19
20170832dtf     y/e/2/50/5/115/0                47.29   0       0       1       0       0.13    0       4
56倍速          y/d/4/-/6/78/eebb               47.07   0       0       0       1.5     0       0       36
baogao1976      y/d/4/83/4/90/20                45      0       0       0       0       1       0       8
GFSsil          n/def/4/44.444444/5/-/10        43.3    1       0       0       0       0.13    0       5
Dr_Cece         n/e/3/80/5/80/x                 43.2    1       0       0       0       0.13    0       10
哈哈哈哈尔时候  n/e/3/80/5/-/15                 43.16   1       0       0       0       0.13    0       12
熱帶低気圧13W   n/e/3/65/5/151/0                43.14   1       0       0       0       0.13    0       13
台风happier     y/f/3/70/6/97/eebb              42.15   0       1       0       0       0       0       9
whk1Q59         y/f/4/73.4/8/120/40.0125        42.11   0       1       0       0       0       0       11
双鱼bieber6666  y/f/3/70.7/7/40/aabb            41.84   0       1       0       0       0       0       26
greencatlv猫    n/e/3/81/7/85/37.5555           41.79   1       0       0       0       0       0       2
Ham4541         n/e/3/49/6/75/eebb              41.73   1       0       0       0       0       0       6
宇宙中的小阳光  n/e/4/75/7/102/x                41.44   1       0       0       0       0       0       23
类星体在路上    y/d/4/35/5/95/x                 34.65   0       0       0       0       0.13    0       1
夕阳xiyang2016  y/e/3/44/6/100/x                33.08   0       0       0       0       0       0       3
1998Zeb         y/e/4/70/6/80/x                 33.08   0       0       0       0       0       0       20
NGC33726946     y/e/4/81/6/97/42.0000           33.08   0       0       0       0       0       0       27