我问ww我问问问  y/ra-mt/02-22/yu/02-22/31.31                     75.12   1       1       0.3     0.41667 0       0.21652 7
56倍速          y/ra-mt/03-25/ya-yu-ku/03-28/38                  73.62   1       1       0       0.41667 0       0.37376 28
钽钨毛细血管瘤  y/ra-mt/03-13/-/-/43.13                          69.85   1       1       0       0       0       0.56809 19
哈哈哈哈尔时候  -/ra-mt/02-15/sa-yu-ku/03-30/30.0000             65.93   0       1       1       0       0       0.19456 30
高氙酸三氢钠    -/ra-mt/02-18/to-yu-ku/03-20/36.5242             64.17   0       1       0.7     0       0       0.33135 34
雾夜香蒲        n/ra-mt-yu/02-28/ya-yu-ku/03-15/56.25            62.6    0       0       0       0.41667 0       1.35757 26
Silver_Wolfer   n/ra-mt-yu/02-19/ya-yu-ku/03-30/47               62.26   0       0       0.6     0.41667 0       0.77907 29
1401玲玲        y/ra-mt-yu/02-16/-/02-22/-                       60.52   1       0       0.9     0       0       0       2
星旋斗转        y/ra-mt-yu/03-02/-/-/46.5225                     59.51   1       0       0       0       0       0.7493  4
热带扰动97W     n/ra-mt/02-22/ku-ti-yg/02-26/31.415              58.06   0       1       0.3     0       0       0.21838 18
全立刻          y/-/02-22/yg/02-21/30.48                         56.08   1       0       0.3     0       0       0.20234 22
炎煌深沉        n/mt-yu-ji/02-18/ya-yu-ku/03-18/30.000001        56.02   0       0       0.7     0.41667 0       0.19456 25
无何a           n/ra-mt-yu/02-16/yg/02-24/39.130                 54.86   0       0       0.9     0       0       0.40987 12
greencatlv猫    y/ra-mt-mi/03-03/yo-yg-ku/03-04/38.1235          54.8    1       0       0       0       0       0.37755 3
EthanWang706    -/ra-yu/02-20/ya/02-23/32                        54.12   0       0       0.5     0.41667 0       0.22906 31
我是最强台风    y/mt-yu-ji/03-01/-/-/35.2255                     53.79   1       0       0       0       0       0.29803 20
乌鸦信用        n/ra-mt-yu/02-17/yg-ku/02-21/32.2517             51.46   0       0       0.8     0       0       0.23381 15
fx2422esplus    y/-/-/-/-/-                                      50.01   1       0       0       0       0       0       1
夏_夜_星_辰     y/-/-/-/-/-                                      50.01   1       0       0       0       0       0       9
新河中学林林    y/-/-/-/-/-                                      50.01   1       0       0       0       0       0       11
寒萧风暴纳德    y/-/-/-/-/-                                      50.01   1       0       0       0       0       0       14
三旋共舞        y/-/02-28/yg-yu/03-03/-                          50.01   1       0       0       0       0       0       21
小莎47          y/-/03-18/yg-yu/03-17/-                          50.01   1       0       0       0       0       0       23
夕阳xiyang2016  n/mt-ra/02-16/-/02-27/-                          49.66   0       0       0.9     0       0       0       5
今朝五          -/-/02-18/-/-/-                                  47.33   0       0       0.7     0       0       0       36
学习与我同在    n/mt-ra/02-21/ku-yg-ti/03-02/33.3333             47.06   0       0       0.4     0       0       0.25539 6
SP1900公主      n/ra-ji-mt-yu/03-16/yg/-/40.9410                 45.18   0       0       0       0       0       0.47515 8
AA10698236957   n/ra-mt-yu/02-25/ku/02-20/37.2465                43.61   0       0       0       0       0       0.35147 16
dkdhrueh        -/-/-/-/-/34.6                                   42.75   0       0       0       0       0       0.2832  42
我爱某某湖      -/-/02-22/-/-/-                                  42.66   0       0       0.3     0       0       0       37
宇宙中的小阳光  n/ra-mt-yi/03-01/tl-yg/03-04/33.7                42.49   0       0       0       0       0       0.26315 17
1007圆规        n/i-h-g/02-27/-/03-09/32.83                      42.26   0       0       0       0       0       0.24511 13
renzhetegong    -/-/03-01/to-ta-ku/03-05/31.415926               41.93   0       0       0       0       0       0.2184  38
台风也能复活    n/ra-mt-yu/02-23/ku-ti-yg/02-19/-                41.49   0       0       0.2     0       0       0       10
arkkaenb        n/-/-/-/-/-                                      39.16   0       0       0       0       0       0       24
32778068        n/-/-/-/-/-                                      39.16   0       0       0       0       0       0       27
California160   -/ra-mt-yu/-/-/-/-                               39.16   0       0       0       0       0       0       32
苹不果2         -/ra-mt-yt/-/-/-/-                               39.16   0       0       0       0       0       0       33
超强台风康妮    -/ra-mt-yu/-/-/-/-                               39.16   0       0       0       0       0       0       35
向日葵8号卫星   -/-/-/to-yu-ku/-/-                               39.16   0       0       0       0       0       0       39
台风happier     -/-/-/sa-yu-ku/-/-                               39.16   0       0       0       0       0       0       40
勇往直前201444  -/-/-/-/03-28/-                                  39.16   0       0       0       0       0       0       41
帅猫的花园      -/-/-/-/-/-                                      39.16   0       0       0       0       0       0       43
薛yxi           -/-/-/-/-/-                                      39.16   0       0       0       0       0       0       44
zhrmghg491001   -/-/-/-/-/-                                      39.16   0       0       0       0       0       0       45
1. 0.311111111111111
2. 0.133333333333333
3. 0.211111111111111
4. 0.0444444444444445
5. 0
6. 0.130751089398943
