雾夜香蒲        2/0/1020/y/11/74.70/n        74.46   1       1       0.04979 1       0       0.85416 26
56倍速          1/0/1013/y/8/72/y            72.92   0       1       0.60653 1       1       0.16362 28
32778068        2/2/1020/y/8/71/n            67.03   1       0       0.04979 1       1       0.08872 27
Silver_Wolfer   2/0/1024/y/12/71/n           66.57   1       1       0       1       0       0.08872 29
寒萧风暴纳德    1/3/1018/y/7/75/y            59.39   0       0       0.13534 1       0.1     1.02632 14
炎煌深沉        1/2/1020/y/8/66/n            56.8    0       0       0.04979 1       1       0       25
AA10698236957   1/1/1015/y/9/72/n            55.56   0       0       0.60653 1       0.1     0.16362 16
无何a           1/1/1023/y/11/74.5/n         54.67   0       0       0.01111 1       0       0.75575 12
热带扰动97W     1/2/1022/y/12/77/n           53.44   0       0       0.01832 1       0       0.64456 18
夕阳xiyang2016  1/1/1019/n/8/73/n            52.82   0       0       0.08208 0       1       0.30175 5
我问ww我问问问  2/2/1024/n/12/73.14/y        52.37   1       0       0       0       0       0.32875 7
1007圆规        1/2/1016/n/9/77/n            49.99   0       0       0.36788 0       0.1     0.64456 13
新河中学林林    1/0/1025/n/10/80.2/y         49.91   0       1       0       0       0       0.09092 11
三旋共舞        1/2/1007/y/10/70.26/y        47.84   0       0       0.0302  1       0       0.0564  21
SP1900公主      0/2/1026/y/12/69.20/n        47.56   0       0       0       1       0       0.02948 8
钽钨毛细血管瘤  1/2/1023/y/10/69.13/y        47.43   0       0       0.01111 1       0       0.02824 19
fx2422esplus    1/1/1015/n/10/80/y           46.3    0       0       0.60653 0       0       0.10276 1
乌鸦信用        1/4/1010/n/6/74/n            45.85   0       0       0.13534 0       0       0.5565  15
台风也能复活    1/3/1016/n/10/70.50/n        43.42   0       0       0.36788 0       0       0.06533 10
夏_夜_星_辰     1/2/1016/n/13/82/y           43.08   0       0       0.36788 0       0       0.03021 9
星旋斗转        1/2/1018/n/11/72.5/y         42.71   0       0       0.13534 0       0       0.2222  4
arkkaenb        1/1/1017/n/12/61/n           41.27   0       0       0.22313 0       0       0       24
学习与我同在    0/3/1020/n/9/68/n            40.76   0       0       0.04979 0       0.1     0.01414 6
小莎47          0/1/1018/n/10/68.7/y         40.64   0       0       0.13534 0       0       0.02171 23
1401玲玲        1/1/1023/n/10/70/y           39.73   0       0       0.01111 0       0       0.04811 2
我是最强台风    0/1/1025/n/10/70/y           39.6    0       0       0       0       0       0.04811 20
全立刻          1/1/1025/n/10/70/y           39.6    0       0       0       0       0       0.04811 22
greencatlv猫    0/4/1024/n/10/62.50/y        39.14   0       0       0       0       0       0       3
宇宙中的小阳光  1/1/1002/n/10/67.3/n         39.14   0       0       0       0       0       0       17
0.137931034482759
0.137931034482759
0.139681892405801
0.413793103448276
0.151724137931035
0.147649457761907
