大爱LX570       n/4/135/7/bb/0.130/3          70.68   1       0       1.21886 1       0.2     1.66319 14
炎煌深沉        n/1/142.1/7/bc/0.29/1         68.7    1       1       0.32952 1       1       0.71358 53
2018yutu        n/1/143/7/bb/0.23/3           66.83   1       1       0.26413 1       0.2     1.23952 26
Ham4541         n/1/133/5/bb/n/2              65.41   1       1       1.44994 0       0.2     0.75    5
C5之家          n/1/135/6/bb/n/2              64.84   1       1       1.21886 0.25    0.2     0.75    16
wxl815420心愿   n/1/145/4/bb/0.18/0           63.07   1       1       0.15407 0       0.2     1.77452 23
AA10698236957   n/1/142/5/bb/0.205/3          62.56   1       1       0.33745 0       0.2     1.49948 11
zhengxin175     n/1/132/4/bc/y/0              62.31   1       1       1.28418 0       1       0       50
Dr_Cece         n/1/125/7/aa/n/1              62.04   1       1       0.37052 1       0       0.75    2
GFSsil          n/1/135/2/aa/n/2              60.43   1       1       1.21886 0       0       0.75    22
无何a           n/3/135/6/de/0.2020/3         60.19   1       0       1.21886 0.25    0       1.53184 32
宇宙中的小阳光  n/3/135/7/de/n/3              58.37   1       0       1.21886 1       0       0.75    38
lrh182520       n/1/135/5/bb/0.35/1           58.28   1       1       1.21886 0       0.2     0.35608 28
我问ww我问问问  n/2/144.4/7/bc/0.012/1        57.1    1       0       0.18237 1       1       0.58827 51
星旋斗转        n/1/145/7/dc/0.350/2          56.68   1       1       0.15407 1       0.2     0.35608 36
greencatlv猫    n/1/148/6/ab/0.08/0           56.42   1       1       0.06051 0.25    0       1.14132 12
Tip1979超强     n/2/134.5/6/bc/0.5/2          55.69   1       0       1.30062 0.25    1       0.0319  45
NGC33726946     y/3/140/7/bc/n/3              55.34   0       0       0.52509 1       1       0.75    24
夏_夜_星_辰     n/3/140/7/bb/n/1              54.7    1       0       0.52509 1       0.2     0.75    27
56倍速          n/4/138.0/7/de/n/5            54.69   1       0       0.76819 1       0       0.75    31
32778068        n/2/134/5/bc/y/2              54.22   1       0       1.38334 0       1       0       42
renzhetegong    n/3/130/7/dc/0.35/2           53.93   1       0       0.96799 1       0.2     0.35608 48
学困是小学霸    n/2/142/7/bc/y/1              52.95   1       0       0.33745 1       1       0       47
20170832dtf     y/4/131/7/aa/n/0              51.23   0       0       1.12255 1       0       0.75    3
雾夜香蒲        n/3/128.5/7/dc/0.45/3         49.66   1       0       0.75479 1       0.2     0.07963 41
薛yxi           n/3/130/7/ab/y/2              49.53   1       0       0.96799 1       0       0       17
Silver_Wolfer   n/3/144/7/dc/0.31/3           49.28   1       0       0.2034  1       0.2     0.57532 52
哈哈哈哈尔时候  n/1/155/7/dd/y/1              49.28   1       1       0.00371 1       0       0       54
绝恋孤雪        n/3/139/6/aa/n/1              48.32   1       0       0.63992 0.25    0       0.75    1
高隽丰          n/2/138/7/aa/y/2              47.79   1       0       0.76819 1       0       0       15
水泥桶pp        n/3/123/6/ab/0.070/1          47.03   1       0       0.22625 0.25    0       1.047   19
高氙酸三氢钠    n/2/141.5/6/dc/0.28/2         46.98   1       0       0.37913 0.25    0.2     0.78997 49
我是最强台风    n/3/139.5/7/dc/y/3            46.94   1       0       0.58077 1       0.2     0       55
夕阳xiyang2016  n/3/140/6/de/n/3              46.43   1       0       0.52509 0.25    0       0.75    30
火龙草能量豆    n/1/144/5/ba/y/2              46.26   1       1       0.2034  0       0.2     0       9
灵芝草1996      n/3/132.6/6/de/y/4            46.2    1       0       1.38334 0.25    0       0       46
台风happier     n/2/140/6/de/0.3/3            45.1    1       0       0.52509 0.25    0       0.64202 40
无4比秦         n/3/140/7/de/y/3              45.05   1       0       0.52509 1       0       0       35
超强台风三巴    n/3/142/4/bb/n/2              45      1       0       0.33745 0       0.2     0.75    20
熱帶低気圧13W   y/3/125/7/cb/n/3              43.88   0       0       0.37052 1       0       0.75    21
双鱼bieber6666  y/1/-/7/aa/y/1                43.02   0       1       0       1       0       0       8
ghj123h         y/2/129.6/7/de/0.401/3        42.7    0       0       0.90872 1       0       0.17515 33
三旋共舞        n/2/143/7/dd/y/3              42.56   1       0       0.26413 1       0       0       43
清云大佬        n/3/121/4/bb/0.021/3          42.35   1       0       0.12937 0       0.2     0.64896 10
个反应蛋白va    y/2/133.3/6/ba/y/4            42.28   0       0       1.5     0.25    0.2     0       25
1998Zeb         n/2/-/7/aa/y/1                41.01   1       0       0       1       0       0       7
奇奇123abc      n/2/-/7/aa/y/2                40.88   1       0       0       1       0       0       13
1821Jebi        n/3/-/7/aa/y/0                40.78   1       0       0       1       0       0       18
water_水瓶SP    n/2/141/5/ba/y/1              38.58   1       0       0.42427 0       0.2     0       4
我是c5台风      n/2/145/6/aa/y/2              36.11   1       0       0.15407 0.25    0       0       6
新河中学林林    n/2/145.0/6/de/y/2            35.56   1       0       0.15407 0.25    0       0       44
1007圆规        y/2/142.6/7/de/y/3            35.52   0       0       0.29189 1       0       0       34
涵汐岚          /3/137/4/de/y/3               32.77   0       0       0.90872 0       0       0       39
whk1Q59         y/3/142.2/6/dc/y/2            31.65   0       0       0.32173 0.25    0.2     0       37
苏联波兰233333  y/4/155/3/de/y/5              24.84   0       0       0.00371 0       0       0       29
1. 0.818181818181818
2. 0.272727272727273
3. 0.391333579802949
4. 0.572727272727272
5. 0.2
6. 0.226908383097531