ghji23h         b/y/3/e/126.0/1.10/tw           71.81   1       0       1       0.625   1.0704  0.84569 18
12357a0         b/n/3/ww/120/4/no               66.67   1       1       1       0       0.04148 1.35469 9
renzhetegong    c/n/3/w/126.2/6/gd              60.36   0       1       1       0       1.13958 0.81903 16
greencatlv猫    c/n/3/ww/123.4/3.125/tw         59.21   0       1       1       0       0.36771 1.39342 5
Ants小蚂蚁      d/n/3/ew/123.8/4.234/gd         58.97   0       1       1       0       0.44758 1.28796 6
夏_夜_星_辰     c/n/3/wb/125/5.55/gd            58.58   0       1       1       0       0.75154 0.93061 8
32778068        c/n/2/ew/126.3/3.4567/gd        56.53   0       1       0       0       1.17467 1.48895 21
兔宝宝990327    a/n/1/ew/128/3.27/gd            56.24   0       1       0       0       1.21005 1.43513 23
56倍速          a/n/3/ww/131.9/4.765/hn         54.21   0       1       1       0       0.22586 1.13931 25
灵芝草1996      a/n/2/we/125.2/3.5325/gd        53.94   0       1       0       0       0.8111  1.48918 14
高氙酸三氢钠    a/n/2/we/125.6/2.7182/gd        52.73   0       1       0       0       0.93688 1.27724 22
夕阳xiyang2016  c/n/3/ew/121.2/6.182/gd         51.33   0       1       1       0       0.09973 0.77587 10
zhengxin175     a/n/2/we/128/0/hn               50.33   0       1       0       0       1.21005 0.5994  13
雾夜香蒲        a/n/2/we/128.3/0.2450/tw        49.42   0       1       0       0       1.10481 0.65019 19
哈哈哈哈尔时候  c/n/2/ew/130/5.0000/gd          49.24   0       1       0       0       0.58768 1.07522 4
Silver_Wolfer   c/y/4/ew/125.8/3.7275/tw        47.07   0       0       0       0       1.00277 1.43297 24
超强台风康妮    c/n/2/ew/121.1/4.625/tw         45.05   0       1       0       0       0.09313 1.17804 15
无何a           a/n/0/ww/130/0/gd               44.93   0       1       0       0       0.58768 0.5994  11
凌空十方寂灭    b/y/2/ww/-/0/no                 43.3    1       0       0       0       0       0.5994  7
宇宙中的小阳光  a/n/4/ew/124.3/9.2/gd           41.85   0       1       0       0       0.56264 0.25371 12
SP1900公主      e/n/2/ww/122.9/8.290/gd         40.74   0       1       0       0       0.28268 0.37174 1
台风happier     e/n/4/ww/123/15/gd              37.37   0       1       0       0       0.29841 0.00834 17
三旋共舞        e/n/5/ew/121/15/gd              35.86   0       1       0       0       0.08688 0.00834 3
炎煌深沉        a/y/1/we/123.4/0.123/gd         35.39   0       0       0       0       0.36771 0.6246  20
乌鸦信用        e/y/5/ww/119.7/10.20/fj         28.88   0       0       0       0       0.0327  0.15915 2
0.12
0.8
0.32
0.02
0.386499116424325
0.581269233632278
