32778068        y/8/gwby/8/153/cbade/7.5                  65.18   1       0       0       1.19618 1.44716 0       19
Silver_Wolfer   y/7/qdltq-by-gw/21/150/abced/7.0          62.9    1       0       0       0.58843 1.1611  0.5     26
zhengxin175     n/5/by/0/140/dbeca/7.1                    62.54   0       1       1       0.52004 0.24628 0       5
renzhetegong    y/6/by-qdltq-gw/18/154.2/cabde/6.5        61.86   1       0.13    0       0.82393 1.28967 0       11
兔宝宝990327    y/4/by-gw-qdltq/20/160/dabec/7.5          59.76   1       0.13    0       0.66202 0.62089 0.5     24
ghji23h         y/7/gw-by/14/139.3/dabec/6.5              59.57   1       0       0       1.19618 0.21299 0.5     23
Ants小蚂蚁      n/5/gw-by/0/152.4/bacde/5.5               58.79   0       1       0       0.52004 1.47357 0       20
无何a           n/5/gw-by/2/155/abcde/7.5                 57.77   0       1       0       0.66202 1.18654 0       14
三旋共舞        y/4/gw-by/7/146/bacde/7.5                 57.34   1       0.13    0       1.09831 0.69929 0       21
宇宙中的小阳光  n/5/gw-by/0/155/acbde/6.0                 56.53   0       1       0       0.52004 1.18654 0       10
台风happier     n/4/by/0/144/cbade/6.5                    53.55   0       0.13    1       0.52004 0.51355 0       4
雾夜香蒲        y/4/by-qdltq-gw/20/145.6/cdaeb/5.5        52.36   1       0.13    0       0.66202 0.65942 0       17
greencatlv猫    n/16/gw-by/8/154.44/a/7.0                 50.87   0       0       0       1.19618 1.25853 0       16
炎煌深沉        y/6/by-qdltq/16/138.8/bacde/4.5           50.36   1       0.13    0       1.00327 0.19141 0       25
SP1900公主      n/6/by-gw/10/158/cabde/7.5                50.15   0       0.13    0       1.39774 0.82657 0       15
灵芝草1996      n/3/gw-by/14/148.7/bacde/7.0              48.18   0       0       0       1.19618 1.00015 0       13
哈哈哈哈尔时候  n/8/by-gw/12/160/bcaed/6.0                46.26   0       0       0       1.39774 0.62089 0       12
薛yxi           n/16/no/1/152/abcde/7.0                   45.69   0       0       0       0.58843 1.42078 0       18
热带扰动97W     n/4/gw-by/2/155.5/bcade/6.5               45.51   0       0.13    0       0.66202 1.12325 0       9
夕阳xiyang2016  n/6/gw-by/2/149/baced/6.5                 44.63   0       0.13    0       0.66202 1.03654 0       7
1007圆规        n/7/gw-by-dzzh/54/154.2/badce/7.0         38.11   0       0       0       0.00035 1.28967 0       6
我问ww我问问问  wp/31/yutu/st/155/899/2.5                 37.1    0       0       0       0       1.18654 0       1
钽钨毛细血管瘤  n/6/gw-by/5/173.13/cbade/7.0              36      0       0.13    0       0.91163 0.03512 0       8
乌鸦信用        n/2/gw-by/5/135/bcade/6.0                 34.84   0       0       0       0.91163 0.078   0       3
夏_夜_星_辰     n/2/gw-by-qdl-dzzh/3/137/bcade/6.0        33.44   0       0       0       0.7406  0.12751 0       2
56倍速          n/12/gw-by-qdltq/0/167.5/cabde/7.5        30.69   0       0       0       0.52004 0.14994 0       22
1. 0.307692307692308
2. 0.203846153846154
3. 0.076923076923077
4. 0.516848747281534
5. 0.539536140598107
6. 0.0461538461538461
