Silver_Wolfer   25/c/2/0/qdltq-by-dw/14/16.675           70.26   1       1       0       1       1.25    0       21
renzhetegong    40/c/3/0/qdltq-by-dw/10/13.0             69.94   0       1       1       1       1.25    0       14
学习与我同在    40/c/5/0/dw-by-qdltq/16/12.3456          62.74   0       1       0       1       1.25    0.33333 12
无何a           40/b/5/0/qdltq-dw-by/21/12.33333         59.88   0       0       0       1       1.25    0.83333 13
炎煌深沉        35/c/2/0/qdltq-by-dw/8/9.99              58.77   0       1       0       1       1.25    0       15
SP1900公主      45/c/5/0/qdltq-dw-by/13/16.5136          58.34   0       1       0       1       1.25    0       20
雾夜香蒲        30/c/3/70/qdltq-by/6/23.3333             58.23   0       1       1       0       0.83333 0       19
Ants小蚂蚁      40/c/10/0/dw-qdltq-gh/11/13.0324         53.27   0       1       0       1       0.41667 0       3
宇宙中的小阳光  30/a/4/0/qdltq-by-dw/11/7.35             50.32   0       0       0       1       1.25    0       18
兔宝宝990327    30/b/4/0/by-dw-qdltq/13/13.27            50.09   0       0       0       1       1.25    0       22
高氙酸三氢钠    45/c/10/10/qdltq-dw/9/13.0112            48.2    0       1       0       0       0.83333 0       1
星旋斗转        45/d/11/0/qdltq-by/8/5                   47.55   0       0       0       1       0.83333 0       11
56倍速          30/d/6/10/qdltq-by-dw/16/8.7             45.99   0       0       0       0       1.25    0.33333 17
热带扰动97W     40/c/5/10/qdltq-gh-dw/10/12.3456         44.76   0       1       0       0       0.41667 0       5
台风happier     40/a/5/0/qdltq-dw-gh/12/15.0258          44.71   0       0       0       1       0.41667 0       2
夕阳xiyang2016  40/c/5/10/qdltq-gh-dw/9/18.0021          44.69   0       1       0       0       0.41667 0       7
哈哈哈哈尔时候  45/a/5/10/by-qdltq/16/13.0233            43.17   0       0       0       0       0.83333 0.33333 8
2018yutu        55/d/12/11/qdltq-dw/12/10.85             39.36   0       0       0       0       0.83333 0       10
whk1Q59         50/d/5/15/dw-qdltq-gh-by/7/5.8           39.23   0       0       0       0       0.83333 0       16
绝恋孤雪        40/b/5/10/qdltq-gh-dw/15/14.5231         38.11   0       0       0       0       0.41667 0.16667 6
greencatlv猫    40/b/5/30/qdltq-dw-slhx/9/9.3225         36.23   0       0       0       0       0.41667 0       4
乌鸦信用        40/a/10/15/dw-qdltq-gh/11/13.0134        36.18   0       0       0       0       0.41667 0       9
1. 0.0454545454545454
2. 0.454545454545455
3. 0.0909090909090909
4. 0.5
5. 0.696969696969697
6. 0.0909090909090909
