Silver_Wolfer   y/23/2/acb/678/113.5            71.91   1       0       0.13    0       1.25    0.91926 20
钽钨毛细血管瘤  n/5/3/cab/67/113.13             71.84   0       0       0       1       0.83333 1.34078 23
炎煌深沉        y/28/2/cab/67/103.13            66.44   1       0       0.13    1       0.83333 0       25
renzhetegong    y/28/4/cab/67/105.0             65.24   1       0       0       1       0.83333 0       17
雾夜香蒲        y/1/2/cba/67/111.111            59.84   1       0       0.13    0       0.83333 0.21397 22
无何a           n/26/3/cab/67/104               56.82   0       0       0       1       0.83333 0       18
56倍速          y/23/3/acb/6789/122.9           55.49   1       0       0       0       0.83333 0       24
1007圆规        y/27/6/acb/6/118.67             52.23   1       0       0       0       0.41667 0       9
热带扰动97W     n/26/12/cab/3/90.09             49.47   0       0       0       1       0       0       4
AA10698236957   n/26/8/cab/3/109.08             49.36   0       0       0       1       0       0.02695 19
SP1900公主      y/27/16/cba/no/94.80            48.45   1       0       0       0       0       0       1
dkdhrueh        y/25/16/cba/no/86.74            48.42   1       0       0       0       0       0       2
帅猫的花园      y/28/5/cba/5/99.99              48.3    1       0       0       0       0       0       7
夕阳xiyang2016  y/25/14/cba/3/92.85             48.28   1       0       0       0       0       0       8
全立刻          y/27/7/cba/5/93.84              48.23   1       0       0       0       0       0       10
星旋斗转        n/25/14/abc/7/120               43.71   0       0       0       0       0.41667 0       5
我问ww我问问问  n/ghj/7/abc/6/119.00            43.65   0       0       0       0       0.41667 0       11
学习与我同在    n/wutip/7/cba/6/104.7           43.61   0       0       0       0       0.41667 0       14
哈哈哈哈尔时候  n/28/15/cba/3/110.00            40.53   0       0       0       0       0       0.06889 3
高氙酸三氢钠    n/28/8/acb/no/104.13            39.7    0       0       0       0       0       0       6
乌鸦信用        n/9/7/cba/5/100.10              39.7    0       0       0       0       0       0       12
小莎47          n/agaerfsz/6/abc/5/106.7        39.7    0       0       0       0       0       0       13
宇宙中的小阳光  n/27/13/cba/4/103.4             39.7    0       0       0       0       0       0       15
greencatlv猫    n/jmasl/7/cba/3/118.11          39.7    0       0       0       0       0       0       16
我是最强台风    n/28/12/acb/no/100.64           39.7    0       0       0       0       0       0       21
1. 0.44
3. 0.0156
4. 0.24
5. 0.253333333333333
6. 0.0685292667019415
