ghji23h         y/3/10/9/24.9/11.33/3          71.71   1       1       1.3     0       1.00744 0.53857 19
56倍速          y/3/8/22/31.7/27.895/1         70.4    1       1       0.68526 0.33333 0.88695 0.58356 15
Silver_Wolfer   y/3/8/20/20/17.1625/0          65.64   1       1       0.68526 0       0.39644 1.15662 26
灵芝草1996      y/3/6/14/23.7/13.37/1          61.98   1       1       0.26772 0       0.82929 0.72762 21
钽钨毛细血管瘤  y/3/1/17/23.6/13.3/0           60.65   1       1       0.00576 0       0.81517 0.72059 5
雾夜香蒲        y/1/9/30/19.8/17.1235/1        60.44   1       0       0.9774  0       0.37858 1.15182 20
我问ww我问问问  y/2/3/08/23.5/22.2222/1        55.43   1       0       0.03493 0       0.80117 1.20124 18
32778068        y/6/8/30/21/12.225/0           53.8    1       0       0.68526 0       0.49434 0.61739 24
兔宝宝990327    y/4/8/12/20/12/0               52.93   1       0       0.68526 0       0.39644 0.59696 23
Ants小蚂蚁      y/1/3/30/23.5/12.3333/1        50.32   1       0       0.03493 0       0.80117 0.62737 22
SP1900公主      n/3/7/21/23.3/-1.6/0           50.29   0       1       0.44566 0       0.77354 0.03171 8
绝恋孤雪        y/6/4/30/26.1/3.600/1          50.06   1       0       0.07514 0       1.19884 0.12092 12
炎煌深沉        y/2/4/09/20.1/12.22/0          47.38   1       0       0.07514 0       0.40558 0.61693 25
1007圆规        n/2/1/14/24.5/16.1225/1        47.35   0       0       0.00576 0       0.94638 1.03083 11
乌鸦信用        y/2/2/30/24.6/-1.3/0           47.1    1       0       0.01484 0       0.9615  0.03452 6
薛yxi           n/3/1/10/23.5/-2/1             46.15   0       1       0.00576 0       0.80117 0.02828 9
无何a           n/3/3/3/33/3.33/3              46.12   0       1       0.03493 0       0.70668 0.11357 16
台风happier     n/3/1/20/22.5/-2/0             45.04   0       1       0.00576 0       0.66815 0.02828 10
三旋共舞        n/2/1/14/21.5/23.3/0           44.41   0       0       0.00576 0       0.54872 1.06931 13
宇宙中的小阳光  n/0/0/18/0/19.73/1             43.51   0       0       0.00204 0       0.00012 1.48169 14
哈哈哈哈尔时候  n/6/5/15/25/3.4323/1           41.69   0       0       0.14804 0       1.02295 0.11631 1
lifepasser2014  n/1/1/13/26.1/-1.3/0           40.92   0       0       0.00576 0       1.19884 0.03452 4
greencatlv猫    n/1/3/30/24.6/-1/0             39.22   0       0       0.03493 0       0.9615  0.03754 7
夕阳xiyang2016  n/2/1/17/24.1/-1.4/1           38.39   0       0       0.00576 0       0.88695 0.03356 2
夏_夜_星_辰     n/1/1/15/23.5/-1.8/0           37.64   0       0       0.00576 0       0.80117 0.02995 3
zhengxin175     n/1/0/30/45/0.8/0              31.46   0       0       0.00204 0       0.02352 0.06087 17
1. 0.5
2. 0.346153846153846
3. 0.184462436597521
4. 0.0128205128205128
5. 0.479809420270857
6. 0.327962050408074
