1998Zeb         2.0/4/0/orange/2/0900           74.87   1       0       0       1       0       1.25    20
dkykyud         2.5/2/1/orange/3.11/no          73.21   0.25    1       0       1       0.70614 0       30
星旋斗转        2.5/2/0/blue/1.45392/0930       63.65   0.25    1       0       0       0       0.9375  6
名字是不是吃的  2.0/3/1/yellow/0.172/0830       61.26   1       0.13    0       0       0       0.9375  9
jiayi040301     3.0/1/2/blue/1.301/0000         60.8    0       0.13    1       0       0       0.625   17
fx2422esplus    2.0/2/1/yellow/1.2422/no        59.89   1       1       0       0       0       0       4
钽钨毛细血管瘤  2.5/4/1/orange/2.8433/0230      59.13   0.25    0       0       1       0.28277 0.3125  25
雾夜香蒲        2.0/2/0/yellow/2.56/2030        59.02   1       1       0       0       0.02158 0       29
兔宝宝990327    2.5/3/1/orange/3.27/no          55.75   0.25    0.13    0       1       0.16514 0       3
闪电灵蛇2代     2.5/4/1/yellow/2.12345/0900     55.57   0.25    0       0       0       0       1.25    5
56倍速          2.5/3/1/orange/3.27641/no       54.77   0.25    0.13    0       1       0.1558  0       24
mc创造神专业户  2.5/3/1/orange/2.695/no         53.76   0.25    0.13    0       1       0.07354 0       16
松鸦_喵喵       2.5/3/1/yellow/1.333333/0930    52.07   0.25    0.13    0       0       0       0.9375  34
个反应蛋白va    2.5/2/1/yellow/1.314/2030       51.57   0.25    1       0       0       0       0       1
小莎47          2.5/4/0/orange/2.56749/no       51.55   0.25    0       0       1       0.0231  0       11
大爱LX570       3.0/5/2/yellow/1.2/2200         51.43   0       0       1       0       0       0       12
热带扰动97W     2.5/4/1/orange/1.97/1630        51.08   0.25    0       0       1       0       0       14
Silver_Wolfer   2.0/3/0/yellow/3.4/2230         49.25   1       0.13    0       0       0.05072 0       33
夏_夜_星_辰     2.0/3/1/yellow/1.5180906/no     49.12   1       0.13    0       0       0       0       8
KOI961d         3.0/2/0/yellow/1.7966884/no     48.52   0       1       0       0       0       0       10
匝那吾长        2.0/4/0/yellow/1.1234567/0330   47.68   1       0       0       0       0       0       2
1007圆规        2.5/4/0/yellow/1.752633/0730    43.11   0.25    0       0       0       0       0.3125  19
我是最强台风    2.5/4/1/yellow/3.24/no          42.62   0.25    0       0       0       0.21686 0       18
高氙酸三氢钠    2.5/3/0/yellow/1.74239/2130     40.79   0.25    0.13    0       0       0       0       7
炎煌深沉        2.5/3/1/blue/2.4445/no          40.72   0.25    0.13    0       0       0       0       15
jvixvixnvxnv    2.5/3/0/red/1.39127/1230        40.65   0.25    0.13    0       0       0       0       22
过得喝喝酒      2.5/3/1/yellow/2.09865/1600     40.62   0.25    0.13    0       0       0       0       26
qiqi20030111    2.5/5/0/blue/1.345/2230         39.13   0.25    0       0       0       0       0       21
0627呵呵        2.5/4/0/yellow/1.25/2130        39.12   0.25    0       0       0       0       0       23
假千九1141A     2.5/4/0/yellow/1.40941/no       39.09   0.25    0       0       0       0       0       27
吴明世X         2.5/4/0/yellow/2.21640/1200     39.07   0.25    0       0       0       0       0       31
快乐乐园噜噜    3.0/1/0/yellow/1.613013/2125    37.94   0       0.13    0       0       0       0       28
我问ww我问问问  ////2.5612731/                  36.78   0       0       0       0       0.02183 0       13
32778068        3.0/5/0/yellow/2.25/1930        36.42   0       0       0       0       0       0       32
0.360294117647059
0.226176470588235
0.0588235294117647
0.235294117647059
0.033676393014138
0.154411764705882
