兔宝宝990327    7/yn/45/0/c/6087990327/05-14          68.26   1       1       1       1       0       0       3
Silver_Wolfer   7/yn/45/0/c/6086656666/04-18          66.6    1       1       1       1       0       0       20
无何a           6/yn/45/0/c/6086340468/04-22          61.49   0       1       1       1       0       0.19138 19
雾夜香蒲        7/yn/40/0/c/6086358937/04-29          59.36   1       1       0.13    1       0       0.07601 23
宇宙中的小阳光  7/nn/50/0/a/6152683772/4-19           58.9    1       0       0.13    1       1       0       11
台风happier     7/nn/40/0/a/608050795/05-13           58.75   1       0       0.13    1       1       0       13
夕阳xiyang2016  5/yn/45/0/c/6085043125/04-29          58.7    0       1       1       1       0       0       16
小莎47          7/nn/40/0/a/6088183573/5-19           58.45   1       0       0.13    1       1       0       17
renzhetegong    7/nn/45/0/c/6086661000/04-25          57.65   1       0       1       1       0       0       24
星旋斗转        7/nn/55/0/a/6079534637/04-13          57.15   1       0       0       1       1       0       18
哈哈哈哈尔时候  5/yn/50/30/a/6082333333/04-20         51.32   0       1       0.13    0       1       0       4
zhrmghg491001   6/yn/100/20/a/6088767431/04-26        50.14   0       1       0       0       1       0       2
高氙酸三氢钠    7/nn/55/10/a/6079657275/05-07         49.7    1       0       0       0       1       0       1
1007圆规        7/nn/40/0/c/6079536858/04-21          49.69   1       0       0.13    1       0       0       21
炎煌深沉        7/nn/40/0/c/6086666666/04-20          49.49   1       0       0.13    1       0       0       25
新河中学林林    7/nn/25/35/a/5022605025/04-20         49.28   1       0       0       0       1       0       10
钽钨毛细血管瘤  4/nn/35/0/a/6086464348/05-05          48.71   0       0       0       1       1       0       22
AA10698236957   6/nn/50/10/a/6082737920/05-10         42.25   0       0       0.13    0       1       0       5
2018yutu        5/nn/50/30/a/6082786265/05-08         42      0       0       0.13    0       1       0       14
56倍速          7/nn/50/10/c/6082345678/05-07         41.38   1       0       0.13    0       0       0       26
乌鸦信用        4/yn/100/35/b/5994566174/04-09        41.12   0       1       0       0       0       0       6
巧虎弟弟        30/yn/55/15/b/6085335466/03-11        41.1    0       1       0       0       0       0       7
SP1900公主      5/yn/105/35/b/6086513857/04-12        40.9    0       1       0       0       0       0       15
greencatlv猫    6/nn/40/15/c/6079876543/05-20         33.37   0       0       0.13    0       0       0       12
学习与我同在    5/nn/70/10/c/6085891402/04-12         32.12   0       0       0       0       0       0       8
Ants小蚂蚁      5/nn/80/10/c/6084082232/4-13          32.12   0       0       0       0       0       0       9
1. 0.5
2. 0.384615384615384
3. 0.247307692307692
4. 0.5
5. 0.423076923076923
6. 0.00685611323372447
