哈哈哈哈尔时候  c/1020/y/1/125/3.0/02-15           71.7    0       0       1       1       1.44003 0       2
高氙酸三氢钠    a/1014/y/1/123.8/3.0/02-18         69.49   1       0       1       1       0.42339 0       4
炎煌深沉        a/1006/y/2/122.2/3.5/02-18         67.43   1       1       1       0       0.08277 0       28
56倍速          a/1022/y/1/122.1/4.5/03-25         64.58   1       0       1       1       0.07475 0.13    27
夕阳xiyang2016  c/1018/y/3/125/2.5/02-16           59.4    0       0       1       0       1.44003 0       16
热带扰动97W     a/1015/y/2/123.45/2.5/02-22        56.38   1       0       1       0       0.29626 0       5
renzhetegong    a/1004/y/2/121.0/4.5/03-01         56.29   1       0.2019  1       0       0.02434 0.13    29
Silver_Wolfer   a/1004/y/2/122.5/3.5/02-19         55.65   1       0.2019  1       0       0.11241 0       26
今朝五          c/1018/y/1/123.20/2.0/02-18        53.8    0       0       1       1       0.22957 0       8
EthanWang706    c/1016/y/1/123/3.0/02-20           53.08   0       0       1       1       0.1872  0       10
greencatlv猫    c/1011/y/1/121.11/1.0/03-03        51.46   0       0.01832 1       1       0.02723 0       3
宇宙中的小阳光  c/1013/y/1/122/3.0/03-01           51.11   0       0       1       1       0.0675  0       15
乌鸦信用        c/1018/y/1/111.5/4.0/02-17         50.47   0       0       1       1       0       0       9
1007圆规        c/1014/y/1/120.2/2.5/02-27         50.42   0       0       1       1       0.01076 0       13
三旋共舞        c/1017/y/1/121.7/4.0/02-28         50.39   0       0       1       1       0.0497  0       24
学习与我同在    c/1013/y/1/119.3/2.5/02-21         50.31   0       0       1       1       0       0       12
SP1900公主      c/1030/y/1/118.90/3.0/03-16        49.91   0       0       1       1       0       0       20
小莎47          c/1014/y/1/118/3.0/03-18           49.76   0       0       1       1       0       0       23
钽钨毛细血管瘤  c/1017/n/3/121.13/5.0/03-13        46.1    0       0       0       0       0.02779 1       25
雾夜香蒲        a/1000/n/2/122.8/4.0/02-28         44.15   1       0       0       0       0.15265 0       21
全立刻          c/1012/y/2/123.4/3.0/02-22         43.33   0       0       1       0       0.28153 0       11
我问ww我问问问  c/1012/y/0/120.0/3.0/02-22         39.57   0       0       1       0       0       0       1
AA10698236957   c/1016/y/2/109.20/4.0/02-25        39.45   0       0       1       0       0       0       6
台风也能复活    c/1018/y/0/116.75/3.0/02-23        39.27   0       0       1       0       0       0       14
无何a           c/1015/y/2/110/3.0/02-16           39.2    0       0       1       0       0       0       17
1401玲玲        c/1016/y/2/110/3.0/02-16           39.17   0       0       1       0       0       0       18
我爱某某湖      c/1016/y/2/119/2.5/02-22           39.15   0       0       1       0       0       0       19
我是最强台风    c/1014/y/2/120/4.0/03-01           39.08   0       0       1       0       0       0       22
星旋斗转        c/1016/n/2/116/3.5/03-02           29.9    0       0       0       0       0       0       7
0.241379310344827
0.0490382301682085
0.896551724137931
0.448275862068965
0.113284968355226
0.043448275862069
