ghji23h         15/y/d/19/24.3/ewb/7          78.82   0.1     1       0       1       0       0       20
哈哈哈哈尔时候  18/n/a/18/22/wle/10           63.48   0       0       1       0       0       0       2
兔宝宝990327    14/n/c/18/25/ew/6             61.34   1       0       0       0       0       0       19
1007圆规        16/n/c/19/22.4/wec/6          58.03   0       0       0       1       0       0       4
夕阳xiyang2016  16/n/c/19/22.35/welc/6        57.87   0       0       0       1       0       0       7
无何a           16/n/e/19/22.9/wel/6          57.72   0       0       0       1       0       0       10
zhengxin175     16/n/c/19/25/wel/7            57.56   0       0       0       1       0       0       13
宇宙中的小阳光  17/n/d/19/24.7/wel/8          57.35   0       0       0       1       0       0       17
雾夜香蒲        15/n/d/18/24.2/wel/7          44.39   0.1     0       0       0       0       0       14
灵芝草1996      15/n/c/18/22.7/we/5           44.38   0.1     0       0       0       0       0       16
Silver_Wolfer   15/n/d/21/25/ew/7             44.34   0.1     0       0       0       0       0       21
绝恋孤雪        16/n/c/18/25.1/wel/4          42.47   0       0       0       0       0       0       1
高氙酸三氢钠    16/n/c/18/21.86/wce/6         42.47   0       0       0       0       0       0       3
greencatlv猫    16/n/d/18/23.4/wel/6          42.47   0       0       0       0       0       0       5
乌鸦信用        20/n/e/16/25/wle/8            42.47   0       0       0       0       0       0       6
热带扰动97W     16/n/b/18/24.2/welc/7         42.47   0       0       0       0       0       0       8
钽钨毛细血管瘤  17/n/d/20/23.4/wel/4          42.47   0       0       0       0       0       0       9
56倍速          16/n/e/18/24.1/we/8           42.47   0       0       0       0       0       0       11
台风happier     16/n/d/17/21.5/wel/7          42.47   0       0       0       0       0       0       12
SP1900公主      16/n/d/20/24.3/wel/6          42.47   0       0       0       0       0       0       15
renzhetegong    16/n/d/20/25.5/ewl/6          42.47   0       0       0       0       0       0       18
1. 0.0666666666666666
2. 0.0476190476190476
3. 0.0476190476190476
4. 0.285714285714286
5. 0
6. 0
