fx2422esplus    no/y/5/c/no/2.0          72.09   0       1       0       1.25    1.5     0.1     2
Silver_Wolfer   no/n/13/c/no/1.0         64.61   0       0       0.5     1.25    1.5     0.1     33
无何a           29/0/12/ce/980/1.5       63.87   1       0       0.875   0       0       1       27
假千九1141A     no/y/11/ce/982/1.5       63.7    0       1       1.25    0       0       1       16
我是最强台风    no/y/10/c/990/2.0        62.19   0       1       0.875   1.25    0       0.1     26
高氙酸三氢钠    no/y/3/c/975/1.5         61.59   0       1       0       1.25    0       1       3
匝那吾长        no/0/10/c/980/1.5        60.85   0       0       0.875   1.25    0       1       11
arkkaenb        no/y/2/c/985/1.5         60.41   0       1       0       1.25    0       1       21
兔宝宝990327    no/y/13/c/992/2.0        58.73   0       1       0.5     1.25    0       0.1     5
56倍速          no/n/22/cde/no/1.5       54.74   0       0       0       0       1.5     1       29
32778068        no/n/30/f/no/1.5         54.63   0       0       0       0       1.5     1       31
雾夜香蒲        no/n/17/f/no/1.5         54.47   0       0       0       0       1.5     1       34
炎煌深沉        no/n/20/bcde/no/1.5      54.41   0       0       0       0       1.5     1       35
台风也能复活    no/y/9/f/987/1.5         54.28   0       1       0.5     0       0       1       12
夏_夜_星_辰     no/y/0/c/980/2.0         51.94   0       1       0       1.25    0       0.1     10
闪电灵蛇2代     no/n/8/c/989/1.5         51.32   0       0       0.125   1.25    0       1       7
钽钨毛细血管瘤  no/0/11/cde/986/1.5      51.27   0       0       1.25    0       0       1       36
台风洛坦        no/y/5/c/988/1.0         50.98   0       1       0       1.25    0       0.1     30
个反应蛋白va    no/n/2/c/979/1.5         49.95   0       0       0       1.25    0       1       1
热带扰动97W     no/n/7/c/984/1.5         49.73   0       0       0       1.25    0       1       6
jiayi040301     no/n/6/c/976/1.5         49.21   0       0       0       1.25    0       1       18
流星夏夜的泪    no/n/3/c/980/1.5         49.16   0       0       0       1.25    0       1       19
1401玲玲        no/y/8/cd/978/1.5        48.99   0       1       0.125   0       0       1       22
我是一尊00后    no/0/8/f/no/2.0          48.48   0       0       0.125   0       1.5     0.1     4
星旋斗转        no/n/0/c/980/1.5         48.33   0       0       0       1.25    0       1       38
大爱LX570       no/y/5/ce/990/1.5        47.93   0       1       0       0       0       1       9
0627呵呵        no/y/19/cde/977/1.5      47.28   0       1       0       0       0       1       25
等待远行之青岛  no/n/12/cde/985/1.5      46.96   0       0       0.875   0       0       1       28
哈哈哈哈尔时候  no/n/6/c/990/2.0         40.29   0       0       0       1.25    0       0.1     13
小莎47          no/n/7/c/995/2.0         40.26   0       0       0       1.25    0       0.1     14
轻轻叶子青青    no/0/37/c/984/2.0        40.24   0       0       0       1.25    0       0.1     15
jvixvixnvxnv    no/n/7/c/989/1.0         40.1    0       0       0       1.25    0       0.1     20
renzhetegong    no/n/21/c/975/1.0        39.65   0       0       0       1.25    0       0.1     37
1998Zeb         no/y/5/e/982/1.0         38.54   0       1       0       0       0       0.1     17
dkykyud         no/n/10/cdb/975/2.0      38.54   0       0       0.875   0       0       0.1     8
吴明世X         no/n/18/ce/980/1.5       36.07   0       0       0       0       0       1       23
qiqi20030111    no/n/3/bce/967/1.0       27.11   0       0       0       0       0       0.1     24
快乐乐园噜噜    no/n/16/cd/970/1.0       27.09   0       0       0       0       0       0.1     32
0.0263157894736842
0.342105263157895
0.18421052631579
0.526315789473684
0.18421052631579
0.621052631578948
