szyczxzh        nyn/92/c/90/910/a        72.91   0.33333 1       0       0.25    0       1.25    34
热带扰动97W     ynn/95/m/75/916/a        69.7    0.33333 0       1       0       0.203   1.25    31
greencatlv猫    nyn/95/c/85/901/a        66.68   0.33333 0       0       1       0       1.25    19
fx2422esplus    nnn/96/m/80/924/a        65.84   0       0       1       0.25    0       1.25    28
mc理科生        nnn/95/c/85/903/a        63.28   0       0       0       1       0       1.25    15
雾夜香蒲        yyn/92/f/90/908/ac       62.74   1       1       0       0.25    0       0       38
Silver_Wolfer   yyn/93/m/90/916/ac       62.39   1       0       1       0.25    0.203   0       37
renzhetegong    yyn/24/m/90/913/ac       58.94   1       0       1       0.25    0.01011 0       40
高氙酸三氢钠    yyn/95/c/85/883/c        57.03   1       0       0       1       0       0       5
匝那吾长        yyn/93/m/100/898/ac      56.74   1       0       1       0       0       0       17
1007圆规        yyn/93/m/75/924/c        56.7    1       0       1       0       0       0       18
轻轻叶子青青    yyn/93/c/85/893/c        56.38   1       0       0       1       0       0       21
二十中初一      yyn/91/m/100/888/c       55.76   1       0       1       0       0       0       41
爱泷不悔sun     nyn/93/c/95/899/a        54.07   0.33333 0       0       0       0       1.25    27
56倍速          yyn/93/n/105/919/c       53.34   1       0       0       0       0.55182 0       35
32778068        yyy/no/m/90/908/c        52.5    0.33333 0       1       0.25    0       0       20
1998Zeb         nyn/98/m/80/899/abc      52.33   0.33333 0       1       0.25    0       0       25
小莎47          nyn/93/m/75/913/ac       49.97   0.33333 0       1       0       0.01011 0       7
qiqi20030111    nyn/95/j/85/876/c        49.75   0.33333 0       0       1       0       0       1
闪电灵蛇2代     nyn/96/j/85/900/c        49.61   0.33333 0       0       1       0       0       6
燕山_蓝图       nyn/94/j/85/901/c        49.14   0.33333 0       0       1       0       0       23
松鸦_喵喵       nyn/95/c/85/903/c        49.05   0.33333 0       0       1       0       0       26
兔宝宝990327    nyn/no/m/110/910/ac      48.89   0.33333 0       1       0       0       0       39
钽钨毛细血管瘤  yyn/94/c/90/892/c        47.64   1       0       0       0.25    0       0       2
1401玲玲        yyn/94//90/925/c         46.95   1       0       0       0.25    0       0       30
jiayi040301     yyn/93/c/90/906/ac       46.88   1       0       0       0.25    0       0       33
大水台6         yyn/93/c/75/910/c        44.33   1       0       0       0       0       0       9
huyikai10       yyn/93/j/105/886/c       44.09   1       0       0       0       0       0       22
jvixvixnvxnv    yyn/94/c/95/905/c        43.95   1       0       0       0       0       0       29
快乐乐园噜噜    yyn/93/j/95/911/ac       43.82   1       0       0       0       0       0       36
台风洛坦        yyy/95/c/80/916/c        43.52   0.33333 0       0       0.25    0.203   0       24
我是最强台风    nyn/95/c/80/890/c        40.2    0.33333 0       0       0.25    0       0       3
假千九1141A     nyn/95/n/80/905/c        40.19   0.33333 0       0       0.25    0       0       4
5556小睿Q       nyn/95/c/80/902/c        40.09   0.33333 0       0       0.25    0       0       12
个反应蛋白va    nyn/94/j/90/889/c        40.05   0.33333 0       0       0.25    0       0       16
dkykyud         nyn/94/c/75/895/c        36.99   0.33333 0       0       0       0       0       10
arkkaenb        nyn/95/c/75/905/b        36.97   0.33333 0       0       0       0       0       13
shenbinshiwo    nyn/93/c/60/940/c        36.96   0.33333 0       0       0       0       0       14
永远de幸福0     nnn/95/c/80/893/c        36.47   0       0       0       0.25    0       0       8
乌鸦信用        nnn/94/j/75/914/abc      33.82   0       0       0       0       0.02747 0       11
XXYXXcrc        yny/94/c/95/910/c        33.33   0       0       0       0       0       0       32
0.552845528455284
0.048780487804878
0.268292682926829
0.292682926829268
0.0294759813573726
0.146341463414634
