1007圆规        ma-py-pk/30/78/6/2.9/y              70.89   1.25    0       0       0       0.92215 1       15
小莎47          ma-py-nl/22/83/7/inf/y              66.26   0.41667 1       0       0       0       1       8
三旋共舞        wp/1/80/4/3.2/y                     65.03   0       0       0       1       0.50002 1       7
炎煌深沉        pk-py-ry-ma-li/30/80/3/2.6/n        56.82   0.41667 0       0       0.1     1.32301 0       11
无何a           ma-py-pk-nl/32/84/2/6.68/y          55.31   0.83333 0       0       0       0       1       13
32778068        py-ma/32/72/3/3.2/n                 51.72   0.83333 0       0       0.1     0.50002 0       6
56倍速          pk-py-ry/32/144/5/2.9/n             51.44   0.41667 0       0       0.1     0.92215 0       17
greencatlv猫    wp-pa/21/84/4/4.4/n                 47.88   0       0       0       1       0.04322 0       2
1401玲玲        wp-pa/21/84/4/4.2/n                 47.77   0       0       0       1       0.065   0       9
热带扰动97W     wp-pa/17/77/5/5.5/y                 47.74   0       0       0       0.1     0       1       4
SP1900公主      pk-py/30/72/5/3.8/n                 46.76   0.83333 0       0       0.1     0.14701 0       16
Silver_Wolfer   pk-py-ry/32/84/7/3.2/n              45.42   0.41667 0       0       0       0.50002 0       12
宇宙中的小阳光  ma-py/23/73/1/4.5/n                 44.46   0.83333 0       0       0       0.03525 0       10
钽钨毛细血管瘤  pk-py/32/67/6/5.4/n                 44.14   0.83333 0       0.01111 0       0       0       14
夕阳xiyang2016  wp-pa/20/79/3/3.8/n                 37.77   0       0       0       0.1     0.14701 0       3
dkykyud         wp-pa/18/80/2/4.3/n                 35.3    0       0       0       0       0.05301 0       5
我问ww我问问问  az/0/168/0/1/n                      35.28   0       0       0       0       0.05057 0       1
0.333333333333333
0.0588235294117647
0.000653470384602489
0.211764705882353
0.20425199857335
0.294117647058824
