1. 0.025
2. 0.1125
3. 0.05
4. 0.09775
5. 0.0389541671226977
6. 0
xkq0430         -/bd/-/-/142.6/a/x            76.34   0       0       0       0       1.48272 0       20
台风happier     -/cc/70/70/168/c/n            75.06   0       0.625   0       1       0.00035 0       12
1007圆规        fj/a/50/50/173.8/a/n          66.37   1       0       0       0       0.00001 0       26
GFSsil          -/bdef/40/160/a/n             64.31   0       0       1       0       0       0       23
ghj123h         -/f/40/55/163.1/c/x           64.17   0       0       1       0       0.00439 0       29
双鱼bieber6666  zj/c/-/155/150.9/bb/y         62.73   0       0.625   0       0       0.33762 0       7
信者也3333      -/bde/60/70/168/c/n           62.63   0       0       0       1       0.00035 0       11
edcba19         -/cd/80/70/170/a/n            62.41   0       0       0       1       0.00011 0       17
whk1Q59         gd/cde/80/75/167/cc/n         57.54   0       0.625   0       0.13    0.0006  0       4
哈哈哈哈尔时候  gd/cde/70/65/165/cc/n         57.46   0       0.625   0       0.13    0.00173 0       8
zhengxin175     -/c/70/65/168.1/c/n           57      0       0.625   0       0.13    0.00033 0       24
高氙酸三氢钠    -/c/60/55/171.3/a/n           54.26   0       0.625   0       0       0.00005 0       30
凌空十方寂灭    -/c/65/-/70/a/y               54.2    0       0.625   0       0       0       0       33
Silver_Wolfer   -/c/60/50/164/b/n             54.15   0       0.625   0       0       0.00285 0       38
56倍速          -/c/60/40/171.5/c/n           54.06   0       0.625   0       0       0.00004 0       39
宇宙中的小阳光  gd/cd/70/50/150/cb/n          51.91   0       0       0       0       0.41811 0       15
高隽丰          -/d/80/75/160/c/y/n           45.17   0       0       0       0.13    0.01724 0       28
1998Zeb         -/acde/90/65/165/c/n          44.91   0       0       0       0.13    0.00173 0       9
bob218553030    gd/cd/80/75/165/c/n           44.88   0       0       0       0.13    0.00173 0       14
熱帶低気圧13W   tw/abcde/50/75/165/a/n        44.87   0       0       0       0.13    0.00173 0       16
学困是小学霸    -/bcd/70/80/160/a/n           42.61   0       0       0       0       0.01724 0       2
类星体在路上    gd/d/30/55/160/c/y            42.61   0       0       0       0       0.01724 0       10
NGC33726946     gd/ad/50/90/160/cb/n          42.6    0       0       0       0       0.01724 0       13
灵芝草1996      -/f/60/55/162.7/c/n           42.32   0       0       0       0       0.0053  0       27
greencatlv猫    -/d/90/55/165/c/n             42.24   0       0       0       0       0.00173 0       6
新河中学林林    /abc/50/50/165/c/y            42.24   0       0       0       0       0.00173 0       22
炎煌深沉        -/f/-/45/165.1/a/n            42.24   0       0       0       0       0.00165 0       19
32778068        -/f/60/55/165.1/-/x           42.24   0       0       0       0       0.00165 0       35
baogao1976      gd/cd/20/60/168/n             42.21   0       0       0       0       0.00035 0       18
Tip1979超强     -/d/60/55/168/b/n             42.21   0       0       0       0       0.00035 0       37
renzhetegong    -/ac/60/50/168/a/n            42.21   0       0       0       0       0.00035 0       40
Ham4541         -/ae/-/50/168.2/c/n           42.21   0       0       0       0       0.00031 0       21
我是最强台风    -/f/50/45/169/a/n             42.21   0       0       0       0       0.00019 0       32
雾夜香蒲        -/f/70/50/170/b/n             42.2    0       0       0       0       0.00011 0       25
无何a           -/a/60/50/170.4/c/n           42.2    0       0       0       0       0.00008 0       31
三旋共舞        -/d/70/55/172/b/n             42.2    0       0       0       0       0.00003 0       34
1614SuperTY     -/ac/70/50/180/c/n            42.2    0       0       0       0       0       0       3
20170832dtf     -/f/90/-/-/-/y                42.2    0       0       0       0       0       0       1
超强台风三巴    -/f/70/85/ac/n                42.2    0       0       0       0       0       0       5
minecraft6688   -/d-/90/155/a/n               42.2    0       0       0       0       0       0       36