哈哈哈哈尔时候  c/3/sts/2.0/20.0000/32/30.0000          72.69   1       1       0       1       1.09892 0       1
乌鸦信用        c/3/sty/2.0/16.7641/18/32.2517          65.46   1       1       0       1       0.54673 0       10
学习与我同在    c/3/sts/2.0/11.1111/18/33.3333          60.29   1       1       0       1       0.05445 0       6
全立刻          c/3/sts/2.0/9.0213/15/30.48             60.26   1       1       0       1       0.02321 0       2
EthanWang706    c/3/sts/2.0/8.5/20/32                   60.13   1       1       0       1       0.01876 0       3
宇宙中的小阳光  c/3/ty/2.0/9.53/17/33.7                 59.43   1       1       0       1       0.02856 0       13
1007圆规        c/3/sts/2.5/16.8625/16/32.83            59.21   1       1       0       0.13    0.56913 0       5
无何a           a/4/superty/2.0/13.130/13/39.130        54.06   0       0       1       1       0.1241  0       20
56倍速          a/4/superty/3.0/16.275/12/38            52.2    0       0       1       0       0.44782 0.16667 16
钽钨毛细血管瘤  c/4/sts/2.0/13/26/43.13                 52.03   1       0       0       1       0.11769 0       8
greencatlv猫    c/2/sts/2.0/11.5650/18/38.1235          51.67   1       0       0       1       0.06553 0       4
我问ww我问问问  b/3/sty/2.0/9.417/16/31.31              50.3    0       1       0       1       0.02728 0       18
星旋斗转        b/3/sty/2.0/5.0000/35/46.5225           50.21   0       1       0       1       0       0       14
AA10698236957   b/4/ty/2.0/13.8525/17/37.2465           43.55   0       0       0       1       0.16665 0       9
renzhetegong    a/3/sty/2.5/8.88/13/31.415926           43.48   0       1       0       0.13    0.02191 0       19
我是最强台风    b/4/sts/2.0/12.1111/18/35.2255          42.55   0       0       0       1       0.08189 0       11
高氙酸三氢钠    a/4/sts/2.0/10.3425/18/36.5242          42.05   0       0       0       1       0.03979 0       12
热带扰动97W     b/2/ty/2.0/9.7/15/31.415                41.72   0       0       0       1       0.03062 0       21
雾夜香蒲        a/4/sty/2.5/9.3725/11/56.25             39.29   0       0       0       0.13    0.02679 0.33333 15
SP1900公主      b/4/sty/2.5/16.0207/16/40.9410          39.15   0       0       0       0.13    0.40368 0       17
炎煌深沉        a/4/ty/1.5/9.20/12/30.000001            37.07   0       0       0       0.13    0.02497 0.16667 22
Silver_Wolfer   a/4/sty/2.5/9.235/12/47                 37.06   0       0       0       0.13    0.02532 0.16667 23
dkdhrueh        b/2/ty/0.0/8.64/12/34.6                 36.13   0       0       0       0       0.01987 0.16667 7
1. 0.391304347826087
2. 0.434782608695652
3. 0.0869565217391304
4. 0.686086956521739
5. 0.114888910073889
6. 0.0434782608695652
