无何a           y/b/7/20/el/-/3                71.93   1       1       1       1.19432 0       1.5     43
三旋共舞        y/b/6/20.0/ewcl/-/4            70.77   1       1       0.75    1.19432 0       1.5     32
zhengxin175     y/b/7/17.5/e/-/3               68.49   1       1       1       0.75997 0       1.5     41
炎煌深沉        y/a/6/19.2/es/-/2              63.97   1       0       0.75    1.45586 0       1.5     44
1614SuperTY     y/b/7/-/elw/-/3                63.91   1       1       1       0       0       1.5     12
2018yutu        y/b/5/23.1/elw/-/4             61.47   1       1       0.5     0.24141 0       1.5     20
新河中学林林    y/b/7/19.6/ew/1003/3           60.18   1       1       1       1.36781 0       0       31
20170832dtf     y/a/5/-/l/-/7                  59.86   1       0       0.5     0       0.625   1.5     18
Tip1979超强     y/b/7/18.9/el/1004/2           59.06   1       1       1       1.32402 0       0       45
1998Zeb         y/b/3/23/el/-/2                58.27   1       1       0       0.25837 0       1.5     6
1821Jebi        y/a/6/22/-/-/3                 58.03   1       0       0.75    0.4788  0       1.5     1
1007圆规        y/b/7/18.3/ecs/1006/3          57.46   1       1       1       1.06827 0       0       35
renzhetegong    y/b/6/19.0/celws/1002/4        57.37   1       1       0.75    1.36781 0       0       47
Silver_Wolfer   y/b/7/18.4/eswl/1007/4         57.25   1       1       1       1.1098  0       0       46
灵芝草1996      y/b/8/18.7/es/1008/4           56.8    1       1       0.75    1.23722 0       0       37
超强台风三巴    y/b/6/21/elw/1006/3            54.66   1       1       0.75    0.79582 0       0       2
名字是不是吃的  n/b/3/21/-/-/2                 54.43   0       1       0       0.79582 0       1.5     27
wxl815420心愿   y/c/4/22/elw/-/4               52.73   1       0       0.25    0.4788  0       1.5     28
56倍速          y/c/7/19.5/elw/1004/2          52.16   1       0       1       1.41177 0       0       34
ghj123h         y/a/7/19.1/e/1002/2            51.82   1       0       1       1.41177 0       0       42
NGC33726946     y/b/3/20/ew/987/3              50.51   1       1       0       1.19432 0       0       38
edcba19         y/b/4/21/elw/1003/4            49.62   1       1       0.25    0.79582 0       0       26
whk1Q59         y/c/6/19.7/celw/995/2          49.38   1       0       0.75    1.32402 0       0       36
greencatlv猫    n/b/3/21.1/s/1006/3            48.95   0       1       0       0.75997 0.625   0       17
高氙酸三氢钠    y/b/5/22.4/elw/1005/3          48.76   1       1       0.5     0.37914 0       0       7
雾夜香蒲        y/c/7/18.0/ew/1008/2           48.46   1       0       1       0.94726 0       0       29
火龙草能量豆    y/b/5/22.4/elw/1002/3          47.6    1       1       0.5     0.37914 0       0       40
lrh182520       y/c/5/20/elw/1005/4            47.42   1       0       0.5     1.19432 0       0       3
高隽丰          y/b/6/-/elw/1005/3             47.12   1       1       0.75    0       0       0       19
Ham4541         y/c/6/18/celw/1001/3           46.96   1       0       0.75    0.94726 0       0       14
熱帶低気圧13W   y/b/6/-/elw/996/3              46.95   1       1       0.75    0       0       0       24
我是最强台风    y/c/5/20/elw/1000/3            46.69   1       0       0.5     1.19432 0       0       25
学困是小学霸    y/c/5/20.0/el/1008/3           46.53   1       0       0.5     1.19432 0       0       30
哈哈哈哈尔时候  y/b/4/23/ew/1003/3             45.38   1       1       0.25    0.25837 0       0       16
AA10698236957   y/e/3/19/cew/1004/3            44.51   1       0       0       1.36781 0       0       13
凌空十方寂灭    y/c/5/22/wcel/1002/5           40.96   1       0       0.5     0.4788  0       0       11
Dr_Cece         n/c/3/30/-/-/2                 39.91   0       0       0       0.00012 0       1.5     4
C5之家          n/b/6/-/lw/1005/4              39.89   0       1       0.75    0       0       0       10
台风happier     y/d/5/23/elw/1004/4            39.18   1       0       0.5     0.25837 0       0       5
我问ww我问问问  y/c/6/13/elw/1008/2            39.17   1       0       0.75    0.03017 0       0       9
无4比秦         y/c/5/23/ew/1004/3             38.47   1       0       0.5     0.25837 0       0       39
夕阳xiyang2016  y/c/4/22/elw/1002/2            38.46   1       0       0.25    0.4788  0       0       33
个反应蛋白va    y/c/4/24/cew/1000/3            35.68   1       0       0.25    0.12439 0       0       22
宇宙中的小阳光  y/c/4/-/elw/1005/3             34.6    1       0       0.25    0       0       0       23
双鱼bieber6666  n/e/7/-/ew/930/2               33.43   0       0       1       0       0       0       8
快乐乐园噜噜    n/e/5/22/elw/1000/3            33.32   0       0       0.5     0.4788  0       0       21
完美归路        n/a/6/26/ew/1006/6             31.48   0       0       0.75    0.02016 0       0       15
1. 0.851063829787234
2. 0.48936170212766
3. 0.590425531914893
4. 0.454127843543861
5. 0.0212765957446809
6. 0.25531914893617
