哈哈哈哈尔时候  ep/935/0.8/620/5/n              70.46   1       0       0.13292 0       0.18    1       19
夕阳xiyang2016  wp/925/0.2/120/6/n              65.13   0       0       0       0       1       1       6
大爱LX570       ep/915/0.4/400/4/n              65.08   1       0       0       0.02183 0       1       25
星旋斗转        ep/935/0.4/220/3/n              64.75   1       0       0       0       0       1       23
炎煌深沉        wp/940/0.6/400/6/n              64.34   0       0       0.01767 0.02183 1       1       33
雾夜香蒲        sh/915/1.2/420/6/y              61.6    0       0       0.13292 0.36621 1       0       29
32778068        wp/930/1.2/420/6/y              61.33   0       0       0.13292 0.36621 1       0       34
我是最强台风    ep/945/1.2/350/5/y              57.35   1       0       0.13292 0       0.18    0       32
SP1900公主      al/935/0.6/420/4/n              56.31   0       0       0.01767 0.36621 0       1       27
dkykyud         wp/955/0.9/100/2/n              56.06   0       0       0.36458 0       0       1       15
钽钨毛细血管瘤  wp/925/1.3/410/5/n              53.9    0       0       0.04846 0.08941 0.18    1       30
jvixvixnvxnv    ep/935/0.4/350/4/y              52.39   1       0       0       0       0       0       21
renzhetegong    wp/925/0.7/650/6/y              52.26   0       0       0.04846 0       1       0       35
fx2422esplus    wp/965/0.5/100/5/n              51.96   0       0       0       0       0.18    1       4
小莎47          wp/985/0.5/no/5/n               51.67   0       0       0       0       0.18    1       13
0627呵呵        wp/920/0.3/310/5/n              51.39   0       0       0       0       0.18    1       22
szyczxzh        wp/945/0.8/300/4/n              51.26   0       0       0.13292 0       0       1       20
Silver_Wolfer   wp/935/1.3/410/4/n              51.2    0       0       0.04846 0.08941 0       1       28
闪电灵蛇2代     wp/955/0.3/450/4/n              50.79   0       0       0       0.08941 0       1       10
1007圆规        wp/935/0.6/310/4/n              49.08   0       0       0.01767 0       0       1       16
无何a           wp/915/0.4/380/4/n              49.02   0       0       0       0       0       1       5
1998Zeb         wp/985/0.3/no/4/n               48.96   0       0       0       0       0       1       7
个反应蛋白va    wp/960/0.4/300/3/n              48.86   0       0       0       0       0       1       11
arkkaenb        wp/965/0.5/350/3/n              48.52   0       0       0       0       0       1       24
勇往直前201444  wp/947/0.4/230/4/n              48.47   0       0       0       0       0       1       26
56倍速          wp/900/0.8/400/4/y              39.49   0       0.01011 0.13292 0.02183 0       0       31
热带扰动97W     wp/950/0.5/150/5/y              38.99   0       0       0       0       0.18    0       14
高氙酸三氢钠    wp/960/0.6/110/3/y              36.49   0       0       0.01767 0       0       0       1
我是一尊00后    io/955/0.3/120/4/y              36.13   0       0       0       0       0       0       2
greencatlv猫    sh/970/0.3/90/4/y               36.13   0       0       0       0       0       0       3
匝那吾长        wp/950/1.5/300/4/y              36.13   0       0       0       0       0       0       8
轻轻叶子青青    wp/955/0.3/470/3/y              36.13   0       0       0       0       0       0       9
jiayi040301     sh/982/2.5/300/4/y              36.13   0       0       0       0       0       0       12
宇宙中的小阳光  wp/965/0.4/130/3/y              36.13   0       0       0       0       0       0       17
三旋共舞        wp/955/0.3/140/4/y              36.13   0       0       0       0       0       0       18
0.142857142857143
0.000192512771402442
0.0393761157382112
0.0272829956923537
0.178857142857143
0.571428571428571
