我问ww我问问问  n/21/1014/acd/0/0.5612/ra-mt              73.13   1       1       0.2019  0.625   0       1.36962 1
台风也能复活    n/21/1014/bc/35/2.0152/ra-mt-yu           63.19   1       1       0.2019  0       1       0.08967 10
哈哈哈哈尔时候  n/21/1010/abd/50/0.5/ra-mt                63.08   1       1       0.2019  0       0       1.21183 8
热带扰动97W     n/21/1014/a/40/1.2616/ra-mt               61.17   1       1       0.2019  0.625   0.13    0.40478 23
宇宙中的小阳光  y/21/1013/acd/30kt/0.33/ra-mt-yi          59.26   0       1       0.44933 0.625   0       0.86254 17
1401玲玲        n/21/1015/ad/0/0.8/ra-mt-yu               58.35   1       1       0.09072 0       0       1.01898 19
夕阳xiyang2016  y/21/0/ac/80/1.2586/mt-ra                 56.28   0       1       0       1.25    0       0.40722 5
我是最强台风    n/21/1015/acd/0/3.141/mt-yu-ji            54.01   1       1       0.09072 0.625   0       0       16
greencatlv猫    y/21/1015/a/30/0.1330/ra-mt-mi            53.82   0       1       0.09072 0.625   0.13    0.58166 7
EthanWang706    y/21/0/a/30/1.05/ra-yu                    52.9    0       1       0       0.625   0.13    0.61804 9
SP1900公主      n/21/1018/acd/0/2.7277/ra-ji-mt-yu        52.78   1       1       0       0.625   0       0.02157 20
California160   n/21/0/e/40/1.27/ra-mt-yu                 52.34   1       1       0       0       0.13    0.39804 11
无何a           n/19/1015/ad/35/2/ra-mt-yu                51.92   1       0       0.09072 0       1       0.09244 12
钽钨毛细血管瘤  n/21/1002/abcd/50/1.3/ra-mt               50.13   1       1       0       0       0       0.37486 14
高氙酸三氢钠    n/18/1014/acd/55/1.313/ra-mt              50.01   1       0       0.2019  0.625   0       0.36524 18
星旋斗转        n/14/1015/cd/0/0.8261/ra-mt-yu            49.09   1       0       0.09072 0       0       0.96715 6
苹不果2         n/21/0/e/0/3/ra-mt-yt                     45.97   1       1       0       0       0       0.01251 13
超强台风康妮    n/21/0/e/0/10/ra-mt-yu                    45.41   1       1       0       0       0       0       21
Silver_Wolfer   n/18/1014/acd/0/6/ra-mt-yu                45.39   1       0       0.2019  0.625   0       0       26
雾夜香蒲        n/18/1008/abc/0/5.40/ra-mt-yu             43.54   1       0       0.04076 0.625   0       0       22
炎煌深沉        n/18/1008/abc/0/4.44/mt-yu-ji             43.44   1       0       0.04076 0.625   0       0       24
1007圆规        y/21/1015/ad/30/3.9258/i-h-g              39.78   0       1       0.09072 0       0.13    0       2
56倍速          n/19/1010/abcd/0/4.9/ra-mt                38.47   1       0       0.2019  0       0       0       25
乌鸦信用        y/17/1014/d/40/1.3759/ra-mt-yu            34.94   0       0       0.2019  0       0.13    0.32207 15
学习与我同在    y/18/1014/ad/0/1.8504/mt-ra               31.07   0       0       0.2019  0       0       0.12468 3
AA10698236957   y/16/1014/abcd/50/2.0504/ra-mt-yu         30.57   0       0       0.2019  0       0       0.08358 4
0.692307692307692
0.615384615384615
0.119004856606038
0.25
0.106923076923077
0.239140362374858
