夕阳xiyang2016  vscs/12/3/20.13/27.1/abcd       72.98   1       0.04979 1       1.27822 0.80513 0.83333 20
Silver_Wolfer   vscs/4/3/16.80/28.5/abc         71.83   1       0       1       0.46462 1.5     1.25    37
高氙酸三氢钠    vscs/6/3/12.68/27.6/abc         65.43   1       0.04979 1       0.08941 1.00548 1.25    12
jvixvixnvxnv    vscs/4/3/12.50/30.2/abc         61.47   1       0       1       0.0832  0.70462 1.25    15
szyczxzh        vscs/3/3/12.34/27.0/abc         61.01   1       0       1       0.07804 0.77013 1.25    31
1401玲玲        vscs/3/3/15.70/26.8/abcd        60.56   1       0       1       0.29923 0.70462 0.83333 14
1998Zeb         vscs/2/4/19.00/35.1/abc         60.1    1       0       0.14    1.12015 0.07983 1.25    3
SP1900公主      vscs/6/3/-11.12/26.8/abcd       58.33   1       0.04979 1       0       0.70462 0.83333 5
fx2422esplus    vscs/4/2/-11.1/28.8/abc         58.05   1       0       0.14    0       1.31276 1.25    27
dkykyud         vscs/4/3/17.5/36.7/ab           57.4    1       0       1       0.61475 0.0392  0.83333 17
无何a           escs/3/3/15.09/27.7/abc         57.12   0       0       1       0.23444 1.05118 1.25    28
匝那吾长        vscs/4/5/18.59/20.3/abc         56.2    1       0       0       0.95072 0.0392  1.25    7
KOI961d         escs/5/4/20.25/27.1/abcd        56.12   0       0.01832 0.14    1.21831 0.80513 0.83333 8
闪电灵蛇2代     vscs/5/4/13.20/26.9/abc         54.83   1       0.01832 0.14    0.11008 0.73665 1.25    10
56倍速          vscs/4/4/-56.56/29.9/abc        52.46   1       0       0.14    0       0.80513 1.25    40
炎煌深沉        escs/6/2/16.66/27.7/abc         52.09   0       0.04979 0.14    0.43932 1.05118 1.25    36
greencatlv猫    vscs/7/3/-13.76/37.6/ab         51.92   1       0.13534 1       0       0.02628 0.83333 21
古超玉兔娜基莉  vscs/2/4/-16.25/26.2/abc        51.19   1       0       0.14    0       0.53969 1.25    13
小莎47          escs/4/3/14.37/31.6/abc         50.39   0       0       1       0.17578 0.37821 1.25    18
名字是不是吃的  vscs/2/3/-6.7/21.3/bc           50.32   1       0       1       0       0.06114 0.83333 23
三旋共舞        vscs/1/4/-12.11/29.7/ab         50.2    1       0       0.14    0       0.87997 0.83333 33
0627呵呵        escs/6/3/17.80/35.4/abcd        49.56   0       0.04979 1       0.69313 0.06986 0.83333 39
1007圆规        vscs/7/3/-11.82/19.6/abd        49.37   1       0.13534 1       0       0.02872 0.41667 1
32778068        vscs/5/4/13.1/23.5/abc          49.07   1       0.01832 0.14    0.10577 0.16255 1.25    9
雾夜香蒲        escs/6/2/8.00/29.0/abc          48.74   0       0.04979 0.14    0.01375 1.20111 1.25    38
兔宝宝990327    escs/5/2/13.24/26.5/abc         44.94   0       0.01832 0.14    0.11186 0.61667 1.25    6
jiayi040301     sucs/6/3/-10.6/24.2/abcd        43.83   0       0.04979 1       0       0.22187 0.83333 26
个反应蛋白va    vscs/5/3/no/10.2/23.3/abc       43.57   1       0.01832 1       0       0       0       11
renzhetegong    escs/6/4/-13.00/30.5/abc        43.16   0       0.04979 0.14    0       0.61667 1.25    34
热带扰动97W     escs/6/4/12.34/25.8/abc         42.92   0       0.04979 0.14    0.07804 0.45179 1.25    19
哈哈哈哈尔时候  vscs/5/2/12.00/25.0/bcd         42.74   1       0.01832 0.14    0.06812 0.31661 0.41667 24
钽钨毛细血管瘤  escs/7/3/1.3/33.1/abd           41.46   0       0.13534 1       0       0.19418 0.41667 22
大爱LX570       vscs/7/4/3.59/40.1/bcd          40.25   1       0.13534 0.14    0       0       0.41667 32
我是最强台风    escs/5/4/11.16/24.3/abc         40.07   0       0.01832 0.14    0.04868 0.23196 1.25    16
palishixuan     vscs/2/4/11.12/13.9/c           39.67   1       0       0.14    0.04791 0       0.41667 4
arkkaenb        sucs/4/4/10.12/33.3/abc         38.86   0       0       0.14    0.03211 0.17766 1.25    25
13360686185zft  escs/7/2/-1.30/18.5/ab          35.82   0       0.13534 0.14    0       0.01762 0.83333 2
等待远行之青岛  escs/5/1/8.88/35.0/abcd         33.37   0       0.01832 0       0.01955 0.08346 0.83333 29
宇宙中的小阳光  d/8/1/12.53/33.6/e              32.76   0       0.36788 0       0.0842  0.15549 0       30
星旋斗转        escs/5/2/-20.31/24.98/cd        29.84   0       0.01832 0.14    0       0.31381 0       35
0.575
0.0414370055665972
0.495
0.140989779229034
0.314335995386351
0.741666666666667