哈哈哈哈尔时候  12/nn/1/wsb/40/10.2513         70.77   0       0       1       1.25    0.1     0.82387 21
三旋共舞        -1/nn/1/spwb/40/8.88           70.02   1       0       1       0.83333 0.1     0.05021 22
轻轻叶子青青    -1/nn/3/swe/38/8.920           67.14   1       0       0       0.41667 1       0.05448 8
无何a           -1/yn/1/swe/42/12.3            64.57   1       0       1       0.41667 0       0.04179 13
云阙兮          14/yn/2/sw/40/10.5423          62.35   0       0       0       0.83333 0.1     1.49176 7
高氙酸三氢钠    -1/nn/2/bsw/42/12.5625         61.8    1       0       0       1.25    0       0.02446 5
56倍速          5/nn/3/wesb/25/10.58           58.49   0       0       0       0.83333 0       1.39662 28
jiayi040301     20/yn/1/wes/40/8.888           53.64   0       0       1       0.41667 0.1     0.05104 4
renzhetegong    10/nn/3/wlb/30/10.60           53.39   0       0       0       0.41667 0       1.34078 27
32778068        0/nn/3/wlb/30/10.60            53.24   0       0       0       0.41667 0       1.34078 30
mc创造神专业户  10/yn/1/wes/35/23.3            52.5    0       0       1       0.41667 0.1     0       16
1401玲玲        0/nn/2/wes/30/10.42            51.54   0       0       0       0.41667 0       1.16234 24
Silver_Wolfer   0/nn/3/wl/30/10.5450           50.69   0       0       0       0       0       1.5     25
1007圆规        0/nn/3/wp/40/10.465            50.12   0       0       0       0       0.1     1.27411 11
szyczxzh        5/nn/2/wseb/40/10.00           50.11   0       0       0       0.83333 0.1     0.49339 23
星旋斗转        30/nn/3/wspa/28/10.5           49.64   0       0       0       0       0       1.36842 14
SP1900公主      -1/yy/0/spew/42/8.0325         47.26   1       0       0       0       0       0       1
宇宙中的小阳光  15/yn/1/sp/45/8.342            46.55   0       0       1       0       0       0.01675 17
greencatlv猫    25/yn/3/besw/35/8.985          45.42   0       0       0       0.83333 0.1     0.06221 18
闪电灵蛇2代     5/yn/2/besw/42/9.0254          44.26   0       0       0       0.83333 0       0.06755 9
炎煌深沉        0/nn/2/spwel/40/10.2333        44.22   0       0       0       0       0.1     0.79416 26
热带扰动97W     10/yn/3/spw/45/11.2233         42.96   0       0       0       0.41667 0       0.37591 15
个反应蛋白va    10/nn/2/swe/40/9.58            42.69   0       0       0       0.41667 0.1     0.20943 6
fx2422esplus    10/yn/3/sew/35/9               41.04   0       0       0       0.41667 0.1     0.06414 3
夕阳xiyang2016  15/nn/3/spweb/40/8.1647        40.29   0       0       0       0.41667 0.1     0.01167 12
我是最强台风    10/nn/4/ewb/35/14.68           39.91   0       0       0       0.41667 0.1     0       29
1998Zeb         10/nn/2/ewpbs/45/4             38.72   0       0       0       0.41667 0       0       10
小莎47          20/yn/3/sewp/40/9.7428         38.71   0       0       0       0       0.1     0.29194 20
我问ww我问问问  100/yy/0/a/18/6.6666           33.99   0       0       0       0       0       0       2
大爱LX570       0/nn/3/apsw/42/7.5             33.99   0       0       0       0       0       0       19
0.166666666666667
0
0.2
0.344444444444444
0.08
0.317951487425671
