Silver_Wolfer   1/n/108/965/15/2.89/yy              72.02   1       1       0       0.71346 0       1.35315 19
炎煌深沉        1/n/112/968/12/2.33/yy              64.05   1       1       0       0.11793 0       1.32312 20
1007圆规        1/n/104.5/966/9/3.8775/ny           63.12   1       1       0       0.39155 0       0.90438 15
兔宝宝990327    0/n/111.1/970/16/3.27/ny            60.87   1       1       0       0.03552 0       1.15879 22
小莎47          1/n/109.8/962/6/4.6984/yn           60.15   1       1       0       0.39155 0       0.64696 14
学习与我同在    1/n/109.8/962/12/5.4321/nn          57.75   1       1       0       0.39155 0       0.47957 18
56倍速          1/n/106.1/972/12/4.31/yy            55.97   1       1       0       0.0107  0       0.75806 21
绝恋孤雪        1/n/109.8/961/13/13.865/nn          50.8    1       1       0       0.21489 0       0.01536 7
无何a           1/n/112.8/969/13/8.1614/yy          49.88   1       1       0       0.06472 0       0.15747 17
钽钨毛细血管瘤  1/n/103.1/981/10/8.13/nn            49.82   1       1       0.02869 0       0       0.1595  16
热带扰动97W     1/n/111.1/969/11/15.1/nn            48.7    1       1       0       0.06472 0       0       6
哈哈哈哈尔时候  1/n/110.0/970/13/14.000/ny          48.56   1       1       0       0.03552 0       0.01454 5
高氙酸三氢钠    1/n/109.6/956/15/14.514/nn          48.45   1       1       0       0.0107  0       0.01179 1
台风happier     2/n/110.5/963/13/12.322/nn          48.06   0       1       0       0.71346 0       0.02883 2
乌鸦信用        1/n/109.6/973/15/14.520/ny          47.88   1       1       0       0       0       0.01176 8
2018yutu        2/n/108.9/965/15/14.514/yn          47.24   0       1       0       0.71346 0       0.01179 12
AA10698236957   3/n/107.67/966/10/19.8875/ny        43.09   0       1       0       0.39155 0       0       9
Ants小蚂蚁      1/y/108.4/975/14/14.832/nn          38.95   1       0       0       0       0       0.01035 3
greencatlv猫    2/n/110.0/979/8/9.85/yn             38.93   0       1       0       0       0       0.07906 10
夕阳xiyang2016  3/n/106.3/970/12/13.871/nn          38.81   0       1       0       0.03552 0       0.01532 4
whk1Q59         2/n/107.2/977/14/16.865/nn          37.94   0       1       0       0       0       0       11
凌空十方寂灭    2/y/113.1/979/10/17.331/yn          28.96   0       0       0       0       0       0       13
1. 0.681818181818182
2. 0.909090909090909
3. 0.0010432118723715
4. 0.150237881618979
5. 0
6. 0.216357722634568
