1. 0.58
2. 0.84
3. 0.58
4. 0.306848403495786
5. 0.14
6. 0.0902233427186566
无何a           0/d/5/37.5/yn/3/n             71.77   1       1       1       1.39355 1       0       39
三旋共舞        0/d/5/36/nn/d/n               65.66   1       1       1       1.0825  0       0.6     35
zhengxin175     0/d/5/36/nn/d/y               64.81   1       1       1       1.0825  0       0.6     50
32778068        0/d/6/35.1/yn/15/n            64.37   1       1       0.2     0.90822 1       0.3     43
consolas112238  0/d/5/33.5/nn/d/n             61.9    1       1       1       0.63425 0       0.6     31
Silver_Wolfer   0/d/5/34/ny/d/n               61.68   1       1       1       0.71427 0       0.6     49
我是最强台风    0/d/5/38.5/yy/b/n             61.55   1       1       1       1.39355 0       0       41
Tip1979超强     0/d/5/33.8/ny/d/n             61.45   1       1       1       0.68161 0       0.6     48
2018yutu        2/d/9/29.0/yy/190611/n        60.8    0       1       0       0.16339 0       2.27771 26
1007圆规        0/d/6/36.7/yy/10/y            60.27   1       1       0.2     1.22533 0       0.6     44
类星体在路上    0/b/6/42.3/yn/d/y             59.72   1       0       0.2     0.66561 1       0.6     16
lrh182520       0/d/6/34/yn/3/y               59.58   1       1       0.2     0.71427 1       0       40
renzhetegong    0/d/6/34/yn/6/n               59.34   1       1       0.2     0.71427 1       0       45
Ham4541         0/d/5/31/nn/d/y               59.23   1       1       1       0.3187  0       0.6     28
台风happier     0/d/6/35/nn/d/n               57.89   1       1       0.2     0.88965 0       0.6     32
56倍速          0/d/5/33.0/nn/9/n             57.71   1       1       1       0.55974 0       0.3     36
雾夜香蒲        0/d/5/34.5/nn/7/n             56.69   1       1       1       0.79953 0       0       33
学困是小学霸    0/d/5/34/nn/b/y               56.06   1       1       1       0.71427 0       0       30
个反应蛋白va    0/e/5/23.6/yn/c/n             53.67   1       0       1       0.01548 1       0       10
whk1Q59         0/d/5/31.2/nn/4/n             52.56   1       1       1       0.33874 0       0       34
熱帶低気圧13W   0/d/3/36/ny/c/n               51.99   1       1       0       1.0825  0       0       17
灵芝草1996      0/d/5/29.7/nn/c/y             51.73   1       1       1       0.20897 0       0       25
信者也3333      0/d/5/26/nn/071400/n          50.77   1       1       1       0.04885 0       0       11
宇宙中的小阳光  0/d/6/35/yy/c/y               50.76   1       1       0.2     0.88965 0       0       47
绝恋孤雪        0/d/6/34.4/nn/8/y             50.17   1       1       0.2     0.78208 0       0       37
顶超北冕1928    1/d/6/32.0/yn/b/y             49.8    0       1       0.2     0.42781 1       0       27
minecraft6688   1/d/5/26/nn/d/y               49.18   0       1       1       0.04885 0       0.6     22
wxl815420心愿   0/d/6/33.3/nn/070521/n        48.85   1       1       0.2     0.60377 0       0       29
炎煌深沉        0/d/6/32/nn/c/y               46.78   1       1       0.2     0.42781 0       0       46
tyu349          1/c/7/38.0/nn/d/n             46.63   0       0       0       1.5     0       0.6     38
water_水瓶SP    0/d/4/28/ny/b/n               44.67   1       1       0.2     0.11233 0       0       21
1614SuperTY     0/c/6/30/yy/d/n               44.62   1       0       0.2     0.23127 0       0.6     42
高隽丰          1/d/5/29.5/ny/b/n             43.91   0       1       1       0.19505 0       0       18
热带扰动97W     1/d/4/27/yy/14/n              43.04   0       1       0.2     0.07512 0       0.6     24
高氙酸三氢钠    1/d/5/23.6/nn/7/n             42.59   0       1       1       0.01548 0       0       4
哈哈哈哈尔时候  1/d/5/24.5/yy/131018/n        42.56   0       1       1       0.02429 0       0.00007 9
Dr_Cece         2/d/5/25/yy/3/y               42.53   0       1       1       0.03088 0       0       13
GFSsil          2/d/5/22/ny/b/n               42.53   0       1       1       0.00656 0       0       3
baogao1976      1/d/5/18/ny/c/n               42.52   0       1       1       0.00055 0       0       1
高空反气旋      1/d/5/20/ny/c/n               42.38   0       1       1       0.00202 0       0       8
xkq0430         1/d/5/22/nn/b/n               42.33   0       1       1       0.00656 0       0       12
edcba19         1/d/5/24/nn/b/n               42.29   0       1       1       0.01897 0       0       19
greencatlv猫    1/d/4/29.9/yy/c/12/n          38.01   0       1       0.2     0.22364 0       0       5
新河中学林林    1/d/6/30/nn/c/n               37.8    0       1       0.2     0.23127 0       0       23
AA10698236957   1/c/6/29.5/ny/10/n            37.14   0       0       0.2     0.19505 0       0.6     6
凌空十方寂灭    0//4/25/yy/b/                 36.76   1       0       0.2     0.03088 0       0       14
1998Zeb         1/d/4/21/ny/b/n               36.02   0       1       0.2     0.00369 0       0       2
夕阳xiyang2016  1/d/6/22/nn/c/n               35.98   0       1       0.2     0.00656 0       0       7
1821Jebi        1/c/8/33/ny/010605/y          31.95   0       0       0       0.55974 0       0.00014 20
双鱼bieber6666  3/e/11/23.4/nn/6/y            27.01   0       0       0       0.01396 0       0       15