Silver_Wolfer   13/0/v/y/abcde/1                86.06   1       0.01762 0       1       1.25    1       35
星旋斗转        18/3/y/y/abcg/4                 69.2    0       0.49379 1       1       0.5     0       17
1998Zeb         15/0/y/y/abceg/2                67.14   0       0.01762 1       1       0.75    0.19    11
大爱LX570       22/1/y/y/abcd/3                 66.9    0       0.05351 1       1       1       0       16
jvixvixnvxnv    16/1/y/y/abcg/3                 61.12   0       0.05351 1       1       0.5     0       25
32778068        13/0/t/n/abce/4                 57.11   1       0.01762 0       0       1       0       34
古超玉兔娜基莉  18/0/y/n/abce/3                 55      0       0.01762 1       0       1       0       23
宇宙中的小阳光  15/1/v/y/abce/5                 53.35   0       0.05351 0       1       1       0       22
热带扰动97W     18/1/t/y/abcdeg/4               53.26   0       0.05351 0       1       1       0       24
个反应蛋白va    18/0/y/n/bcd/3                  53.12   0       0.01762 1       0       0.75    0       6
56倍速          15/5/t/n/abcde/4                52.28   0       0.49379 0       0       1.25    0       31
dkykyud         17/1/y/u/abcg/3                 50.93   0       0.05351 1       0       0.5     0       10
greencatlv猫    17/0/0/y/abc/4                  50.92   0       0.01762 0       1       0.75    0       1
紫龙晶晶        16/0//y/abc/4                   50.7    0       0.01762 0       1       0.75    0       7
无何a           15/0/t/y/abc/4                  50.29   0       0.01762 0       1       0.75    0       18
夏_夜_星_辰     17/0/t/y/abc/3                  50.22   0       0.01762 0       1       0.75    0       20
arkkaenb        19/0/0/y/abc/3                  49.96   0       0.01762 0       1       0.75    0       27
renzhetegong    14/1/v/n/abcde/2                49.3    0.1     0.05351 0       0       1.25    0.19    36
炎煌深沉        14/0/v/n/abcde/2                48.67   0.1     0.01762 0       0       1.25    0.19    37
高氙酸三氢钠    18/0/n/y/abcg/3                 48.15   0       0.01762 0       1       0.5     0       3
闪电灵蛇2代     18/0/0/y/abcg/4                 48.12   0       0.01762 0       1       0.5     0       4
fx2422esplus    18/0/t/y/ac/3                   47.96   0       0.01762 0       1       0.5     0       9
匝那吾长        19/0//y/abcg/4                  47.87   0       0.01762 0       1       0.5     0       12
台风也能复活    7/0/0/y/abcg/4                  47.42   0       0.01762 0       1       0.5     0       26
小莎47          16/0/t/y/abcg/3                 47.35   0       0.01762 0       1       0.5     0       28
吴明世X         18/0/t/y/abcg/4                 47.23   0       0.01762 0       1       0.5     0       32
jiayi040301     18/1/u/n/abcde/3                45.15   0       0.05351 0       0       1.25    0       21
我是一尊00后    22/0//n/abcdeg/3                42.27   0       0.01762 0       0       1       0       5
钽钨毛细血管瘤  16/0//n/abcdef/4                42.21   0       0.01762 0       0       1       0       8
三旋共舞        16/0/t/n/abcdef/4               41.98   0       0.01762 0       0       1       0       19
夕阳xiyang2016  19/1/m/n/abc/3                  40.07   0       0.05351 0       0       0.75    0       14
轻轻叶子青青    17/0/0/n/abc/4                  39.64   0       0.01762 0       0       0.75    0       2
1401玲玲        16/0/t/n/abceg/4                39.21   0       0.01762 0       0       0.75    0       29
1007圆规        17/0/0/n/abc/4                  39.19   0       0.01762 0       0       0.75    0       30
szyczxzh        17/0/t/n/abc/4                  39.14   0       0.01762 0       0       0.75    0       33
SP1900公主      19/0/0/n/abcg/4                 36.82   0       0.01762 0       0       0.5     0       13
我问ww我问问问  0/0//n/h/0                      34.69   0       0.01762 0       0       0       0.19    15
0.0594594594594594
0.034077186236038
0.189189189189189
0.513513513513514
0.621621621621621
0.0475675675675676
