炎煌深沉        120-85-55/2/high/n/60/y                     69.24   0.33333 0.14    0       1       1.00548 1       32
高氙酸三氢钠    150-105-62/2/medium/n/290/y                 66.51   0       0.14    1       1       0       1       4
三旋共舞        100-85-58/3/high/n/380/y                    65.65   0.33333 1       0       1       0       1       21
小莎47          140-105-62/3/high/n/100/y                   62.1    0       1       0       1       0.09122 1       20
闪电灵蛇2代     130-105--58/3/high/n/350/y                  61.5    0       1       0       1       0       1       11
个反应蛋白va    50-50-23/3/high/n/1400/y                    61.44   0       1       0       1       0       1       12
1998Zeb         125-90-55/3/high/n/560/y                    61.13   0       1       0       1       0       1       17
SP1900公主      130-95-58/6/high/y/150/5933260870           60.4    0       0       0       0       0       2.61552 14
jiayi040301     140-105-65/3/high/y/50/y                    58.06   0       1       0       0       0.45179 1       19
32778068        115-90-55/2/high/n/50/y                     57.76   0       0.14    0       1       0.45179 1       31
1401玲玲        120-85-55/2/no/n/250/y                      56.97   0.33333 0.14    0       1       0       1       28
无何a           155-115-70/3/high/n/50/5933520401           55.64   0       1       0       1       0.45179 0       25
56倍速          130-100-60/2/high/n/30/y                    53.37   0       0.14    0       1       0.09122 1       29
dkykyud         125-95-50/3/high/y/280/y                    52.33   0       1       0       0       0       1       18
arkkaenb        105-130-115/3/high/y/1480/y                 51.98   0       1       0       0       0       1       26
夕阳xiyang2016  130-105-58/3/high/n/460/-9                  50.68   0       1       0       1       0       0       6
钽钨毛细血管瘤  120-95-55/3/high/n/200/-13                  49.74   0       1       0       1       0       0       30
等待远行之青岛  110-95-52/4/low/n/50/-12                    47.51   0       0.14    0       1       0.45179 0       22
Silver_Wolfer   130-100-60/2/high/n/50/5934388888           47.14   0       0.14    0       1       0.45179 0       33
greencatlv猫    120-85-52/2/high/n/370/5953406873           47.07   0.33333 0.14    0       1       0       0       5
大爱LX570       135-90-68/2/medium/y/99/5942107154          46.88   0       0.14    1       0       0.09881 0       27
1007圆规        120-95-55/0/low/n/80/n                      46.13   0       0       0       1       0.45179 0       23
雾夜香蒲        115-95-55/2/medium/y/350/5929450000         45.43   0       0.14    1       0       0       0       34
KOI961d         125-95-55/4/no/n/350/-10                    42.18   0       0.14    0       1       0       0       3
哈哈哈哈尔时候  160-115-72/4/high/n/200/5948633487          42.03   0       0.14    0       1       0       0       10
匝那吾长        140-105-60/2/high/n/380/5941234567          41.97   0       0.14    0       1       0       0       13
宇宙中的小阳光  130-110-58/3/high/y/250/5946746892          41.35   0       1       0       0       0       0       24
fx2422esplus    155-110-70/5/high/n/3300/-7                 40.8    0       0       0       1       0       0       2
热带扰动97W     145-105-58/5/high/n/350/-13                 40.71   0       0       0       1       0       0       7
云阙兮          120-100-58/5/high/n/300/5979276141          40.54   0       0       0       1       0       0       16
我问ww我问问问  18-35-35/0/high/y/50/6666666666             37.67   0       0       0       0       0.45179 0       9
轻轻叶子青青    55-55-55/4/n/high/180/5899226120            33.18   0       0.14    0       0       0       0       1
星旋斗转        115-90-52/2/low/y/310/-12                   33.16   0       0.14    0       0       0       0       8
jvixvixnvxnv    135/100/62/2/high/n/300/y/5940277016        31.77   0       0       0       0       0       0       15
