台风happier     y/epw/35/11.2/14/921        64.96   1       0       1       0.8125  0       0       4
无何a           y/ep/35/13.0/13/913         64.96   1       0       1       0       0       0.67399 9
哈哈哈哈尔时候  y/ep/30/10/15/915           58.79   1       0       0.05    0.5     0       0.67399 5
56倍速          y/ep/30/11.8/30/927         56.95   1       0       0.05    0.4375  0.75    0       15
Silver_Wolfer   y/e/45/11.85/30/930         56.14   1       0       0       0.4375  0.75    0       16
兔宝宝990327    y/e/30/12.0/30/930          55.47   1       0       0.05    0.3125  0.75    0       14
Ants小蚂蚁      y/epw/35/13.4/15/910        55.16   1       0       1       0       0       0.06114 3
凌空十方寂灭    y/ep/35/31.1/17/902         54.19   1       0       1       0       0       0       2
新河中学林林    y/epw/30/11.2/18/922        50.71   1       0       0.05    0.8125  0       0       10
钽钨毛细血管瘤  n/wpe/30/10.3/13/913        49.5    0       0       0.05    0.6875  0       0.67399 7
greencatlv猫    y/epw/30/11.8/12/935        46.09   1       0       0.05    0.4375  0       0       6
高氙酸三氢钠    n/epw/30/10.7/16/938        41.52   0       0       0.05    0.9375  0       0       1
宇宙中的小阳光  y/epw/30/14.3/13/923        39.95   1       0       0.05    0       0       0       11
小莎47          y/epw/30/14.7/12/926        39.89   1       0       0.05    0       0       0       12
灵芝草1996      n/wep/45/10.3/13/924        37.08   0       0       0       0.6875  0       0       8
renzhetegong    n/epw/40/13.0/16/942        28.62   0       0       0.05    0       0       0       13
1. 0.75
2. 0
3. 0.28125
4. 0.37890625
5. 0.140625
6. 0.0867968185206269
