凌空十方寂灭    2/65/d/60/985/0         73.99   0.1     0       1       0       0.1054  1       1
AA10698236957   3/35/d/30/990/10        64.65   1       0       1       0       0.22313 0       6
宇宙中的小阳光  3/55/d/0/985/10         64.55   1       0.13    1       0       0.1054  0       10
清云大佬        3/35/d/30/990/10        63.78   1       0       1       0       0.22313 0       12
热带扰动97W     3/40/d/25/985/12        61.07   1       0       1       0       0.1054  0       11
greencatlv猫    3/45/c/0/990/15         50.9    1       0.13    0       0       0.22313 0       2
renzhetegong    3/45/c/0/986/8          49.39   1       0.13    0       0       0.22313 0       18
兔宝宝990327    3/45/b/0/985/13         46.85   1       0.13    0       0       0.1054  0       15
Silver_Wolfer   3/45/b/0/985/12         46.69   1       0.13    0       0       0.1054  0       17
Ants小蚂蚁      2/45/d/25/998/11        46.64   0.1     0.13    1       0       0       0       7
乌鸦信用        2/55/d/0/975/15         46.56   0.1     0.13    1       0       0       0       8
小莎47          2/45/d/0/996/13         46.16   0.1     0.13    1       0       0       0       13
学习与我同在    2/45/d/0/980/12         46.08   0.1     0.13    1       0       0       0       14
炎煌深沉        3/40/b/0/986/10         46.05   1       0       0       0       0.22313 0       19
SP1900公主      3/45/b/0/980/16         44.25   1       0.13    0       0       0       0       16
哈哈哈哈尔时候  2/30/d/30/980/14        43.53   0.1     0       1       0       0       0       3
台风happier     2/40/d/25/980/11        43.39   0.1     0       1       0       0       0       5
无何a           2/40/d/0/975/21         43.12   0.1     0       1       0       0       0       9
56倍速          3/35/b/0/982/8          40.99   1       0       0       0       0.01111 0       20
新河中学林林    2/40/b/0/990/12         31.36   0.1     0       0       0       0.22313 0       4
1. 0.595
2. 0.065
3. 0.6
4. 0
5. 0.0938443040119071
6. 0.05
