Silver_Wolfer   n/18/c/0.022967/1/dw                                            77.87   1       0       0.625   0.51749 0.1     1.25    22
雾夜香蒲        n/24/c/0.216/2/dw                                               68.51   1       0       0.625   0       0       1.25    21
哈哈哈哈尔时候  n/7/cd/0.114514/2/tf-by-hc-dw                                   64.81   1       0.4     1.25    0.06384 0       0       3
热带扰动97W     y/10/cd/0.231415926/1/by-hc                                     61.72   0       1       1.25    0       0.1     0       4
dkykyud         y/8/cd/0.20157/1/tf-hc-dw                                       56.15   0       0.6     1.25    0       0.1     0       11
56倍速          n/-5/c/0/1/hc                                                   55.86   1       0       0.625   0.17947 0.1     0       15
我问ww我问问问  y/0/d/0.1415926535897932384626433832795028841971/0/by-gw        55.7    0       0       0.625   0.01832 1       0       1
钽钨毛细血管瘤  n/9/acde/0.13/3/by-hc-dw                                        55.68   1       0.8     0       0.03126 0       0       19
1007圆规        n/26/c/0.112/1/hc-dw                                            54.03   1       0       0.625   0.07168 0.1     0       17
32778068        n/19/c/0.10/2/hc-dw                                             53.18   1       0       0.625   0.12465 0       0       23
无何a           y/6/cd/0.1824/1/by-hc                                           51.14   0       0.2     1.25    0       0.1     0       10
三旋共舞        y/23/cd/0.12/1/hc-dw                                            49.08   0       0       1.25    0.04957 0.1     0       18
1401玲玲        y/15/cd/0.15/2/hc-by-dw                                         47.3    0       0       1.25    0.01243 0       0       13
renzhetegong    n/18/ac/0.13/1/hc-dw                                            47.12   1       0       0       0.03126 0.1     0       20
大爱LX570       y/4/cd/0.18/3/tf-dw-by                                          46.72   0       0       1.25    0       0       0       24
炎煌深沉        n/20/abc/0.14/2/hc-dw-by                                        45.42   1       0       0       0.01971 0       0       25
greencatlv猫    y/11/ce/0.2222/2/tf-hc                                          44.81   0       0.8     0       0       0       0       9
小莎47          y/6/c/0.22144/2/tf-by-hc                                        43.51   0       0.2     0.625   0       0       0       8
fx2422esplus    y/5/d/0.1234/1/by-hc                                            43.08   0       0       0.625   0.04238 0.1     0       7
轻轻叶子青青    y/0/d/0.15/1/by-gw                                              42.7    0       0       0.625   0.01243 0.1     0       2
个反应蛋白va    y/5/c/0.18/1/hc-tf                                              42.43   0       0       0.625   0       0.1     0       5
夕阳xiyang2016  y/15/c/0.185/2/tf-by-bx                                         40.99   0       0       0.625   0       0       0       6
宇宙中的小阳光  y/4/c/0.35/2/by-tf                                              40.86   0       0       0.625   0       0       0       14
SP1900公主      0/3/c/0.1629/4/dw-hc                                            40.65   0       0       0.625   0       0       0       26
jiayi040301     y/4/ce/0.23333333/1/dw-hc                                       36.03   0       0       0       0       0.1     0       12
1998Zeb         y/20/abce/0.3/2/hc-tf                                           34.64   0       0       0       0       0       0       16
0.346153846153846
0.153846153846154
0.519230769230769
0.0301147078395245
0.0846153846153846
0.076923076923077
