哈哈哈哈尔时候  n/no/el/0.0/83.5/30/04-20/ny/13.0233         64.6    1       1       0.83333 1       0.09355 0       0       0       0.05764 4
高氙酸三氢钠    n/no/eb/0.0/84.0/31/05-07/nn/13.0112         64.31   1       1       0       1       0.14069 0       0       1       0.05736 1
台风happier     n/no/epw/0.0/83.0/32/05-13/nn/15.0258        64.29   1       1       0       1       0.06221 0       0       1       0.1305  13
兔宝宝990327    n/no/e/0.0/85.0/36/05-14/ny/13.27            62.81   1       1       0.41667 1       0.31819 0       0       0       0.06375 3
绝恋孤雪        y/no/epw/0.0/88.2/0/-/nn/14.5231             62.01   0       1       0       1       0.51921 0       0       1       0.1063  28
SP1900公主      n/no/wpl/0.0/84.8/34/04-12/-/16.5136         60.13   1       1       0       1       0.27027 0       0       0       0.23948 15
小莎47          n/no/e/0.0/83.1/37/5-19/yn/-                 59.9    1       1       0.41667 1       0.0675  0       0       0       0       17
乌鸦信用        n/no/wp/0.0/80.0/0/04-09/ny/13.0134          58.36   1       1       0       1       0       0       0.2     0       0.05741 6
不了盖0         n/no/ep/0.0/84.6/30/-/-/-                    57.47   1       1       0       1       0.22957 0       0       0       0       32
Ants小蚂蚁      n/no/wp/2.0/83.5/0/4-13/nn/13.0324           57.27   1       1       0       0       0.09355 0       0       1       0.05786 9
学习与我同在    y/no/epw/0.0/82.3/29/04-12/nn/12.3456        56.96   0       1       0       1       0.03514 0       0       1       0.04372 8
无何a           n/no/w/0.0/0/28/04-22/yy/12.33333            55.78   1       1       0       1       0       0       0       0       0.0435  19
greencatlv猫    n/no/ew/0.5/81.5/31/05-20/yn/9.3225          55.65   1       1       0       1       0.01829 0       0       0       0.01273 12
宇宙中的小阳光  n/no/ep/0.0/0/26/4-19/-/7.35                 55.36   1       1       0       1       0       0       0       0       0       11
Silver_Wolfer   n/no/ebw/1.5/85/36/04-18/yy/16.675           54.11   1       1       0       0       0.31819 0       0       0       0.25579 20
56倍速          n/no/e/1.5/82.2/28/05-07/yy/8.7              52.96   1       1       0.41667 0       0.03238 0       0       0       0       26
renzhetegong    n/no/eb/1.5/85/35/04-25/-/13.0               52.22   1       1       0       0       0.31819 0       0       0       0.0571  24
炎煌深沉        n/no/we/1.0/84.13/30/04-20/yy/9.99           50.35   1       1       0       0       0.15644 0       0       0       0.01672 25
夕阳xiyang2016  -/-/-/-/-/-/04-29/nn/18.0021                 47.61   0       0       0       0       0       0       0       1       0.4396  16
灵芝草1996      n/by/wl/2.5/84.5/42/-/-/-                    44.52   1       0       0       0       0.21158 0       0       0       0       31
热带扰动97W     -/-/-/-/-/-/-/nn/12.3456                     43.85   0       0       0       0       0       0       0       1       0.04372 27
钽钨毛细血管瘤  -/-/-/-/-/-/05-05/nn/-                       43.43   0       0       0       0       0       0       0       1       0       22
whk1Q59         -/-/-/-/-/-/-/nn/5.8                         43.43   0       0       0       0       0       0       0       1       0       29
雾夜香蒲        -/-/-/-/-/-/04-29/-/23.3333                  41.85   0       0       0       0       0       0       0       0       0.58127 23
2018yutu        -/-/-/-/-/-/05-08/yn/10.85                   36.55   0       0       0       0       0       0       0       0       0.02375 14
zhrmghg491001   -/-/-/-/-/-/04-26/-/-                        36.32   0       0       0       0       0       0       0       0       0       2
AA10698236957   -/-/-/-/-/-/05-10/ny/-                       36.32   0       0       0       0       0       0       0       0       0       5
巧虎弟弟        -/-/-/-/-/-/03-11/-/-                        36.32   0       0       0       0       0       0       0       0       0       7
新河中学林林    -/-/-/-/-/-/04-20/-/-                        36.32   0       0       0       0       0       0       0       0       0       10
星旋斗转        -/-/-/-/-/-/04-13/-/5                        36.32   0       0       0       0       0       0       0       0       0       18
1007圆规        -/-/-/-/-/-/04-21/ny/-                       36.32   0       0       0       0       0       0       0       0       0       21
凌空十方寂灭    -/-/-/-/-/-/-/yn/-                           36.32   0       0       0       0       0       0       0       0       0       30
1. 0.53125
2. 0.5625
3. 0.0520833333333333
4. 0.40625
5. 0.060103202949934
6. 0
7. 0.00625
8. 0.28125
9. 0.0476709618382554
