我问ww我问问问  y/978/1/142/0.0/1500/ko-si-pu                          82.11   0       1       0       1.25    0       0       3
星旋斗转        n/970/1/145/0.0/2200/fo-ru-ro-tu-ko-on-si              68.97   1       0       0       0.45069 0       0       11
哈哈哈哈尔时候  y/975/1/120/1.5/2000/fo-oi-ki-si-ko-uo-to-oe           64.97   0       0.1054  0       0       1       0       5
台风也能复活    y/973/1/141.67/1.0/1967/ko-fo-si-tu                    62.73   0       0.02352 0       1.11732 0.01    0       6
Silver_Wolfer   n/982/2/175/0.0/1220                                   61.59   1       0.04979 0       0       0       0.01191 24
56倍速          y/978/2/178/1.0/2027                                   59.06   0       1       0       0       0.01    0       26
学习与我同在    y/985/2/145/1.0/2016/ku-oe-yo-ti-su                    50.44   0       0       0       0.45069 0.01    0       13
雾夜香蒲        y/987/2/179.5/0.0/1207                                 48.34   0       0       0       0       0       0.23773 20
高氙酸三氢钠    y/962/1/146/1.0/2025/fo-mi-ia-ko-ho-pu-to-ku           48.3    0       0       0       0.32078 0.01    0       7
炎煌深沉        y/976/2/176.1/0.0/1215                                 47.05   0       0.22313 0       0       0       0.03768 25
greencatlv猫    y/980/1/156.25/1.0/2222/fo-ho-ko-tu-sn-si-ie-oe        46.58   0       0.22313 0       0       0.01    0       2
AA10698236957   y/980/2/174.70/1.0/1912/fo-me-ou-ru-ro-tu-ko-rn        46.56   0       0.22313 0       0       0.01    0       4
小莎47          y/976/2/168/1.0/2024/ko-yo                             46.44   0       0.22313 0       0       0.01    0       15
三旋共舞        y/970/1/147/0.0/2046/exingtonismywife                  46.35   0       0       0       0.22831 0       0       18
钽钨毛细血管瘤  y/976/2/172/0.0/1241                                   46.16   0       0.22313 0       0       0       0       22
宇宙中的小阳光  y/959/1/148/0.0/2007/fo-ki-ia-ko-pu-ho                 45.29   0       0       0       0.1625  0       0       10
我是最强台风    y/975/2/175.5/0.0/2019                                 44.21   0       0.1054  0       0       0       0       23
SP1900公主      y/982/2/176/0.0/2016/iraiandiko                        43.29   0       0.04979 0       0       0       0       21
乌鸦信用        y/973/1/177/xxx/2019/ro-ya-si-to-me-oi                 42.86   0       0.02352 0       0       0       0       12
renzhetegong    y/972/1/178/2.0/1245                                   42.85   0       0.01111 0       0       0.01    0       19
EthanWang706    y/955/1/155/0.0/2021/ko-me-fo-si                       42.72   0       0       0       0.01504 0       0       14
无何a           y/967/1/175/1.0/2027/ko-to-si-oi-hi-mi-ku-ru           42.67   0       0       0       0       0.01    0       1
热带扰动97W     y/969/2/177/1.0/2019/si-ki-me-oi-to-ie-fo-mo           42.67   0       0       0       0       0.01    0       8
夕阳xiyang2016  y/959/1/169/1.0/2135/kn-ru-ka-tn-pu-to-te-ko           42.66   0       0       0       0       0.01    0       16
1401玲玲        y/964/2/168/1.0/1926/yyyy000215                        42.66   0       0       0       0       0.01    0       17
1007圆规        y/954/2/165.2/0.0/2111/fo-oi-iu-ku-to-si-oi            42.46   0       0       0       0       0       0       9
0.076923076923077
0.134006456725072
0
0.12293331709023
0.0430769230769231
0.00736736407340192
